0.0 -0.0
1.0 -98.7610550736
2.0 -166.707532987
3.0 -213.251029209
4.0 -252.840674368
5.0 -299.38417059
6.0 -334.335919191
7.0 -380.879415413
9.0 -408.57515243
10.0 -455.118648652
12.0 -472.881816681
14.0 -500.577553698
15.0 -527.247508578
16.0 -533.630345109
18.0 -538.202347662
19.0 -572.706413623
20.0 -579.089250155
21.0 -596.652250541
23.0 -607.647007392
25.0 -625.410175422
27.0 -629.982177974
28.0 -699.64940866
30.0 -704.221411213
32.0 -736.069534687
33.0 -742.452371219
37.0 -764.946299228
41.0 -801.366425255
43.0 -805.938427808
48.0 -823.834776828

0.0 -0.0
1.0 -98.7610550736
2.0 -166.707532987
3.0 -213.251029209
4.0 -252.840674368
5.0 -299.38417059
6.0 -334.335919191
7.0 -380.879415413
8.0 -387.262251945
9.0 -408.57515243
10.0 -455.118648652
11.0 -461.501485183
12.0 -472.881816681
13.0 -479.264653213
14.0 -500.577553698
15.0 -547.12104992
18.0 -551.393513138
19.0 -583.541175947
20.0 -619.249909845
21.0 -625.632746377
23.0 -630.204748929
24.0 -655.670035872
25.0 -682.271815277
32.0 -716.12781787
33.0 -762.671314092
38.0 -765.528788098
42.0 -809.508160886

0.0 -0.0
1.0 -98.7610550736
2.0 -166.707532987
3.0 -213.251029209
4.0 -252.840674368
5.0 -299.38417059
6.0 -334.335919191
7.0 -380.879415413
9.0 -408.57515243
11.0 -426.338320459
12.0 -472.881816681
14.0 -500.577553698
16.0 -505.14955625
17.0 -535.903722113
18.0 -536.997679725
20.0 -619.249909845
23.0 -627.520548734
27.0 -663.940674761
28.0 -699.64940866
32.0 -736.069534687
38.0 -757.994525505
40.0 -775.770826525

0.0 -0.0
1.0 -98.7610550736
2.0 -166.707532987
3.0 -213.251029209
4.0 -252.840674368
5.0 -299.38417059
6.0 -334.335919191
7.0 -380.879415413
8.0 -387.262251945
9.0 -408.57515243
11.0 -426.338320459
12.0 -472.881816681
14.0 -500.577553698
15.0 -547.12104992
17.0 -551.693052472
18.0 -558.075889004
19.0 -583.541175947
20.0 -619.249909845
21.0 -625.632746377
23.0 -630.204748929
25.0 -632.092551287
27.0 -661.514754087
28.0 -699.64940866
34.0 -735.53141637
35.0 -741.914252902
37.0 -746.486255454
39.0 -749.353883093
40.0 -804.936158334
44.0 -841.356284361
47.0 -846.954364997

0.0 -0.0
1.0 -98.7610550736
2.0 -166.707532987
3.0 -213.251029209
4.0 -252.840674368
5.0 -299.38417059
6.0 -334.335919191
7.0 -380.879415413
9.0 -408.57515243
10.0 -455.118648652
12.0 -472.881816681
14.0 -500.577553698
15.0 -547.12104992
17.0 -551.693052472
18.0 -552.719130556
19.0 -563.599459129
20.0 -610.142955351
25.0 -642.111155587
26.0 -646.024963062
28.0 -650.596965614
29.0 -663.402556444
30.0 -682.445089089
32.0 -726.962580193
37.0 -732.022542512
38.0 -762.844587903
40.0 -766.663872031
41.0 -768.44266854
43.0 -834.973447829

0.0 -0.0
1.0 -98.7610550736
2.0 -166.707532987
3.0 -213.251029209
4.0 -252.840674368
5.0 -299.38417059
6.0 -334.335919191
8.0 -340.628674516
9.0 -408.57515243
10.0 -455.118648652
14.0 -500.577553698
15.0 -527.247508578
18.0 -535.518147467
19.0 -572.706413623
20.0 -579.089250155
22.0 -580.977052512
23.0 -607.647007392
24.0 -635.728319055
27.0 -653.105912438
28.0 -659.48874897
32.0 -716.12781787
33.0 -762.671314092
46.0 -799.321057458

0.0 -0.0
1.0 -98.7610550736
2.0 -166.707532987
3.0 -213.251029209
4.0 -252.840674368
5.0 -299.38417059
6.0 -334.335919191
7.0 -380.879415413
8.0 -387.262251945
9.0 -408.57515243
11.0 -426.338320459
12.0 -472.881816681
13.0 -479.264653213
14.0 -500.577553698
15.0 -547.12104992
16.0 -553.503886451
19.0 -572.706413623
20.0 -619.249909845
21.0 -625.632746377
23.0 -627.520548734
25.0 -682.271815277
28.0 -699.64940866
29.0 -706.032245192
33.0 -762.671314092
39.0 -798.553321802
40.0 -804.936158334
43.0 -834.973447829
48.0 -863.85021237

0.0 -0.0
1.0 -98.7610550736
2.0 -166.707532987
3.0 -213.251029209
4.0 -252.840674368
5.0 -299.38417059
6.0 -334.335919191
7.0 -380.879415413
8.0 -387.262251945
9.0 -408.57515243
10.0 -455.118648652
11.0 -461.501485183
12.0 -472.881816681
13.0 -479.264653213
14.0 -500.577553698
15.0 -547.12104992
16.0 -553.503886451
19.0 -583.541175947
21.0 -625.632746377
25.0 -628.039304372
29.0 -630.314289508
30.0 -669.785392976
34.0 -693.33619494
38.0 -709.486684814
40.0 -715.261185757

0.0 -0.0
1.0 -98.7610550736
2.0 -166.707532987
3.0 -213.251029209
4.0 -252.840674368
5.0 -299.38417059
6.0 -334.335919191
7.0 -380.879415413
8.0 -387.262251945
9.0 -408.57515243
10.0 -455.118648652
13.0 -460.716729288
15.0 -527.247508578
17.0 -545.010676607
18.0 -551.393513138
21.0 -556.991593775
22.0 -562.907025627
23.0 -569.289862159
24.0 -587.275520848
26.0 -631.793011953
29.0 -652.129739747
33.0 -683.439744904
34.0 -715.151645179

0.0 -0.0
1.0 -98.7610550736
2.0 -166.707532987
3.0 -213.251029209
4.0 -252.840674368
5.0 -299.38417059
6.0 -334.335919191
7.0 -380.879415413
9.0 -387.172170738
10.0 -393.55500727
11.0 -417.299541441
12.0 -472.881816681
13.0 -479.264653213
15.0 -547.12104992
16.0 -553.503886451
18.0 -558.075889004
20.0 -589.924012478
27.0 -603.05155559
29.0 -644.073468454
36.0 -657.368030638
37.0 -695.254463424
38.0 -701.637299956
43.0 -731.136471134
46.0 -768.397950654

0.0 -0.0
1.0 -98.7610550736
2.0 -166.707532987
3.0 -213.251029209
4.0 -252.840674368
5.0 -299.38417059
6.0 -334.335919191
7.0 -380.879415413
8.0 -387.262251945
9.0 -408.57515243
11.0 -426.338320459
12.0 -472.881816681
13.0 -479.264653213
14.0 -500.577553698
15.0 -547.12104992
19.0 -583.541175947
20.0 -610.142955351
23.0 -627.520548734
24.0 -646.563081379
25.0 -652.94591791
27.0 -663.940674761
28.0 -690.542454166
32.0 -726.962580193
36.0 -729.237565329
38.0 -762.844587903
41.0 -792.259470761
44.0 -797.857551397
47.0 -828.141478471

0.0 -0.0
1.0 -98.7610550736
2.0 -166.707532987
3.0 -213.251029209
4.0 -252.840674368
5.0 -299.38417059
6.0 -334.335919191
7.0 -380.879415413
9.0 -408.57515243
10.0 -455.118648652
11.0 -461.501485183
12.0 -472.881816681
14.0 -500.577553698
15.0 -547.12104992
16.0 -553.503886451
18.0 -558.075889004
19.0 -559.101967087
20.0 -619.249909845
21.0 -625.632746377
23.0 -630.204748929
24.0 -631.230827013
25.0 -662.052872404
29.0 -684.546800413
30.0 -690.929636945
32.0 -695.501639497
33.0 -696.527717581
34.0 -747.568705845
40.0 -783.450713555
44.0 -807.21114347

0.0 -0.0
1.0 -98.7610550736
2.0 -166.707532987
3.0 -213.251029209
4.0 -252.840674368
5.0 -299.38417059
6.0 -334.335919191
7.0 -340.718755723
9.0 -408.57515243
11.0 -426.338320459
12.0 -472.881816681
13.0 -479.264653213
14.0 -480.704012356
16.0 -498.467180385
17.0 -545.010676607
18.0 -551.393513138
19.0 -572.706413623
20.0 -619.249909845
24.0 -635.728319055
28.0 -672.148445082
29.0 -684.546800413
34.0 -708.030452792
36.0 -713.4770344
37.0 -740.078813805
39.0 -742.891917258
41.0 -776.498939832
42.0 -788.429951607

0.0 -0.0
1.0 -98.7610550736
2.0 -166.707532987
3.0 -213.251029209
4.0 -252.840674368
5.0 -299.38417059
6.0 -334.335919191
7.0 -380.879415413
9.0 -408.57515243
10.0 -455.118648652
12.0 -472.881816681
14.0 -500.577553698
15.0 -547.12104992
20.0 -553.281315496
21.0 -569.046040737
22.0 -580.977052512
23.0 -627.520548734
27.0 -663.940674761
28.0 -699.64940866
36.0 -709.295848512
40.0 -745.715974539
46.0 -767.640965357
48.0 -785.417266377

0.0 -0.0
1.0 -98.7610550736
2.0 -166.707532987
3.0 -213.251029209
4.0 -252.840674368
5.0 -299.38417059
6.0 -334.335919191
7.0 -380.879415413
9.0 -408.57515243
10.0 -455.118648652
12.0 -472.881816681
14.0 -500.577553698
15.0 -547.12104992
17.0 -551.693052472
19.0 -563.599459129
20.0 -619.249909845
22.0 -623.821912398
24.0 -655.670035872
25.0 -682.271815277
27.0 -686.84381783
28.0 -687.869895913
30.0 -692.441898466
31.0 -718.153822987
34.0 -724.852206881
35.0 -731.235043412
39.0 -757.855114825
40.0 -760.734214591
46.0 -795.747178085
48.0 -800.319180637

0.0 -0.0
1.0 -98.7610550736
2.0 -166.707532987
3.0 -213.251029209
4.0 -252.840674368
5.0 -299.38417059
6.0 -334.335919191
7.0 -380.879415413
9.0 -408.57515243
10.0 -414.957988961
11.0 -426.338320459
12.0 -472.881816681
14.0 -500.577553698
15.0 -547.12104992
19.0 -572.706413623
20.0 -610.142955351
23.0 -627.520548734
26.0 -640.300321608
27.0 -663.940674761
28.0 -690.542454166
32.0 -726.962580193
36.0 -730.243746004
37.0 -764.946299228
39.0 -769.518301781
42.0 -775.116382417
43.0 -805.938427808
44.0 -832.540207212

0.0 -0.0
1.0 -98.7610550736
2.0 -166.707532987
3.0 -213.251029209
4.0 -252.840674368
5.0 -299.38417059
6.0 -334.335919191
7.0 -380.879415413
8.0 -387.262251945
9.0 -408.57515243
10.0 -455.118648652
11.0 -461.501485183
12.0 -472.881816681
14.0 -500.577553698
15.0 -547.12104992
17.0 -551.693052472
18.0 -552.719130556
19.0 -572.706413623
20.0 -619.249909845
22.0 -623.821912398
23.0 -627.520548734
24.0 -635.728319055
25.0 -682.271815277
28.0 -699.64940866
29.0 -706.032245192
33.0 -762.671314092
36.0 -768.269394728
37.0 -799.091440119
46.0 -812.542689119

0.0 -0.0
1.0 -98.7610550736
2.0 -166.707532987
3.0 -213.251029209
4.0 -252.840674368
5.0 -299.38417059
6.0 -334.335919191
7.0 -380.879415413
9.0 -408.57515243
10.0 -455.118648652
12.0 -472.881816681
15.0 -527.247508578
16.0 -533.630345109
17.0 -545.010676607
20.0 -590.26941401
21.0 -596.652250541
26.0 -614.548599561
28.0 -629.970705848
29.0 -636.353542379
30.0 -647.733873877
32.0 -653.731135762
33.0 -656.004512766
36.0 -710.370204662
38.0 -728.133372692
44.0 -764.015380402
47.0 -824.297596747

0.0 -0.0
1.0 -98.7610550736
2.0 -166.707532987
3.0 -213.251029209
4.0 -252.840674368
5.0 -299.38417059
6.0 -334.335919191
7.0 -380.879415413
9.0 -387.172170738
10.0 -455.118648652
14.0 -459.301030664
15.0 -527.247508578
17.0 -545.010676607
20.0 -619.249909845
26.0 -641.174900663
37.0 -698.463163528
43.0 -734.345171238
46.0 -763.760054096
48.0 -768.332056649

0.0 -0.0
1.0 -98.7610550736
2.0 -166.707532987
3.0 -213.251029209
4.0 -252.840674368
5.0 -299.38417059
6.0 -334.335919191
7.0 -380.879415413
9.0 -408.57515243
10.0 -455.118648652
12.0 -472.881816681
14.0 -500.577553698
15.0 -547.12104992
17.0 -551.693052472
19.0 -572.706413623
20.0 -619.249909845
28.0 -659.48874897
29.0 -661.830301449
37.0 -701.531593287

0.0 -0.0
1.0 -98.7610550736
2.0 -166.707532987
3.0 -213.251029209
4.0 -252.840674368
5.0 -299.38417059
6.0 -334.335919191
7.0 -380.879415413
9.0 -408.57515243
10.0 -414.957988961
11.0 -426.338320459
12.0 -472.881816681
13.0 -479.264653213
14.0 -500.577553698
15.0 -547.12104992
19.0 -572.706413623
20.0 -619.249909845
23.0 -627.520548734
24.0 -646.563081379
25.0 -682.271815277
28.0 -690.542454166
29.0 -718.691941304
30.0 -725.074777836
34.0 -747.568705845
35.0 -754.573949014
36.0 -760.956785546
37.0 -799.091440119
38.0 -805.474276651
43.0 -834.973447829
44.0 -841.356284361
47.0 -870.771167219

0.0 -0.0
1.0 -98.7610550736
2.0 -166.707532987
3.0 -213.251029209
4.0 -252.840674368
5.0 -266.389441278
6.0 -334.335919191
7.0 -340.718755723
9.0 -408.57515243
10.0 -414.957988961
11.0 -426.338320459
12.0 -472.881816681
13.0 -479.264653213
14.0 -500.577553698
16.0 -509.301942708
18.0 -536.997679725
19.0 -572.706413623
21.0 -577.278416176
23.0 -600.019585157
26.0 -604.292048375
28.0 -606.179850733
30.0 -615.805560864
31.0 -680.419083971
33.0 -680.80626675
34.0 -684.69154719
39.0 -716.68827446
41.0 -718.010002497
42.0 -743.605601227

0.0 -0.0
1.0 -98.7610550736
2.0 -166.707532987
3.0 -213.251029209
4.0 -252.840674368
5.0 -299.38417059
6.0 -334.335919191
7.0 -380.879415413
9.0 -408.57515243
10.0 -414.957988961
11.0 -426.338320459
12.0 -432.721156991
13.0 -465.625805097
14.0 -500.577553698
15.0 -506.960390229
18.0 -538.202347662
19.0 -551.303431932
20.0 -619.249909845
21.0 -625.632746377
23.0 -630.204748929
25.0 -642.111155587
28.0 -693.226654361

0.0 -0.0
1.0 -98.7610550736
2.0 -166.707532987
3.0 -213.251029209
4.0 -252.840674368
5.0 -299.38417059
6.0 -334.335919191
7.0 -380.879415413
8.0 -387.262251945
9.0 -408.57515243
10.0 -455.118648652
11.0 -461.501485183
12.0 -472.881816681
13.0 -479.264653213
14.0 -500.577553698
15.0 -547.12104992
16.0 -553.503886451
19.0 -583.541175947
20.0 -589.924012478
22.0 -594.496015031
23.0 -627.520548734
24.0 -655.670035872
27.0 -663.940674761
28.0 -699.64940866
32.0 -726.962580193
33.0 -733.345416725
37.0 -735.965803392
40.0 -746.790330689
41.0 -772.385929419
45.0 -775.66709523
48.0 -775.78714323
49.0 -782.169979762
50.0 -793.563444251

0.0 -0.0
1.0 -98.7610550736
2.0 -166.707532987
3.0 -213.251029209
4.0 -252.840674368
5.0 -299.38417059
6.0 -334.335919191
7.0 -380.879415413
8.0 -387.262251945
10.0 -391.386571858
11.0 -426.338320459
12.0 -472.881816681
13.0 -479.264653213
14.0 -500.577553698
16.0 -505.14955625
17.0 -545.010676607
18.0 -558.075889004
19.0 -572.706413623
20.0 -579.089250155
22.0 -583.661252707
23.0 -630.204748929
26.0 -640.300321608
27.0 -666.624874956
31.0 -698.824734997
33.0 -722.510654401
35.0 -727.082656954
36.0 -728.108735038
38.0 -732.68073759
39.0 -779.224233812
43.0 -785.99671099

0.0 -0.0
1.0 -98.7610550736
2.0 -166.707532987
3.0 -213.251029209
4.0 -252.840674368
5.0 -299.38417059
6.0 -334.335919191
7.0 -380.879415413
8.0 -387.262251945
9.0 -408.57515243
10.0 -455.118648652
11.0 -461.501485183
12.0 -472.881816681
14.0 -500.577553698
15.0 -547.12104992
17.0 -551.693052472
18.0 -552.719130556
19.0 -583.541175947
20.0 -619.249909845
22.0 -623.821912398
23.0 -627.520548734
24.0 -655.670035872
26.0 -660.242038425
28.0 -699.64940866
31.0 -705.247489296
32.0 -736.069534687
35.0 -741.667615323
36.0 -768.269394728

0.0 -0.0
1.0 -98.7610550736
2.0 -166.707532987
3.0 -213.251029209
4.0 -252.840674368
5.0 -299.38417059
6.0 -334.335919191
7.0 -380.879415413
9.0 -408.57515243
10.0 -455.118648652
11.0 -461.501485183
14.0 -480.704012356
15.0 -527.247508578
16.0 -533.630345109
18.0 -538.202347662
19.0 -543.725917788
20.0 -550.108754319
21.0 -596.652250541
25.0 -642.111155587
29.0 -677.051749356
37.0 -690.879375096
38.0 -742.348639924
47.0 -811.758540904
49.0 -816.330543457

0.0 -0.0
1.0 -98.7610550736
2.0 -166.707532987
3.0 -213.251029209
4.0 -252.840674368
5.0 -299.38417059
6.0 -334.335919191
7.0 -380.879415413
8.0 -387.262251945
9.0 -408.57515243
10.0 -455.118648652
11.0 -461.501485183
12.0 -472.881816681
14.0 -500.577553698
15.0 -547.12104992
16.0 -553.503886451
18.0 -558.075889004
19.0 -572.706413623
20.0 -619.249909845
23.0 -621.097794435
24.0 -635.728319055
26.0 -641.174900663
29.0 -694.252732445
34.0 -712.149081465
36.0 -716.721084018
37.0 -774.65223126
48.0 -786.621934314

0.0 -0.0
1.0 -98.7610550736
2.0 -166.707532987
3.0 -213.251029209
4.0 -252.840674368
5.0 -299.38417059
6.0 -334.335919191
7.0 -380.879415413
9.0 -408.57515243
10.0 -455.118648652
12.0 -459.690651204
13.0 -460.716729288
14.0 -479.174572006
15.0 -547.12104992
18.0 -552.719130556
19.0 -583.541175947
20.0 -619.249909845
22.0 -623.821912398
24.0 -655.670035872
26.0 -660.242038425
28.0 -699.64940866
37.0 -704.005064484
39.0 -708.577067036
40.0 -733.419947341
48.0 -773.873957604

0.0 -0.0
1.0 -98.7610550736
2.0 -166.707532987
3.0 -213.251029209
4.0 -252.840674368
5.0 -299.38417059
6.0 -334.335919191
8.0 -340.628674516
9.0 -408.57515243
11.0 -426.338320459
12.0 -472.881816681
14.0 -500.577553698
15.0 -547.12104992
19.0 -572.706413623
22.0 -580.977052512
23.0 -627.520548734
24.0 -635.728319055
25.0 -642.111155587
27.0 -653.105912438
28.0 -672.148445082
31.0 -689.526038465
32.0 -716.12781787
33.0 -722.510654401
36.0 -752.547943897
37.0 -758.930780429
41.0 -781.424708438
42.0 -827.96820466

0.0 -0.0
1.0 -98.7610550736
2.0 -166.707532987
3.0 -213.251029209
4.0 -252.840674368
5.0 -299.38417059
6.0 -334.335919191
7.0 -380.879415413
8.0 -387.262251945
9.0 -408.57515243
10.0 -455.118648652
11.0 -461.501485183
12.0 -472.881816681
13.0 -479.264653213
14.0 -500.577553698
15.0 -547.12104992
16.0 -553.503886451
18.0 -558.075889004
19.0 -583.541175947
20.0 -619.249909845
21.0 -625.632746377
23.0 -627.520548734
24.0 -646.563081379
26.0 -655.131917555
27.0 -661.514754087
28.0 -699.64940866
29.0 -706.032245192
35.0 -712.958298738
36.0 -731.144962205
37.0 -799.091440119
42.0 -827.96820466

0.0 -0.0
1.0 -98.7610550736
2.0 -166.707532987
3.0 -213.251029209
4.0 -252.840674368
5.0 -299.38417059
6.0 -334.335919191
7.0 -380.879415413
9.0 -408.57515243
11.0 -426.338320459
13.0 -465.625805097
14.0 -500.577553698
15.0 -547.12104992
17.0 -551.693052472
19.0 -572.706413623
20.0 -610.142955351
23.0 -627.520548734
24.0 -646.563081379
25.0 -682.271815277
28.0 -687.869895913
29.0 -718.691941304
32.0 -726.962580193
36.0 -752.547943897
37.0 -799.091440119
46.0 -819.228151641

