0.0 -0.0
1.0 -98.7610550736
2.0 -166.707532987
3.0 -213.251029209
4.0 -252.840674368
5.0 -266.389441278
6.0 -334.335919191
10.0 -357.768179464
11.0 -426.338320459
12.0 -443.901320845
16.0 -480.321446873
21.0 -572.32384814
26.0 -590.220197161
30.0 -634.632573047
39.0 -699.929463615
44.0 -748.99714035

0.0 -0.0
1.0 -98.7610550736
2.0 -166.707532987
3.0 -213.251029209
4.0 -252.840674368
5.0 -294.746274032
6.0 -312.9329375
7.0 -380.879415413
8.0 -387.262251945
13.0 -402.804406231
20.0 -414.269519525
21.0 -420.652356057
25.0 -432.165868545
26.0 -500.112346459
29.0 -505.710427095
32.0 -522.037337276
33.0 -620.79839235

0.0 -0.0
1.0 -98.7610550736
2.0 -166.707532987
3.0 -213.251029209
4.0 -252.840674368
5.0 -266.389441278
7.0 -305.676925915
8.0 -340.628674516
13.0 -346.788940093
15.0 -386.07642473
16.0 -421.028173331
17.0 -427.411009863
21.0 -493.157033257
27.0 -541.737109585
38.0 -556.183517863
40.0 -557.752956702
42.0 -562.324959254

0.0 -0.0
1.0 -98.7610550736
2.0 -166.707532987
3.0 -184.894196455
4.0 -248.20277781
5.0 -266.389441278
7.0 -301.039029357
11.0 -346.497934403
12.0 -373.167889283
15.0 -378.765969919
17.0 -436.189794715
23.0 -472.071802425
25.0 -482.566016265
26.0 -488.948852797
30.0 -500.462365286

0.0 -0.0
1.0 -98.7610550736
2.0 -166.707532987
3.0 -213.251029209
4.0 -252.840674368
5.0 -294.746274032
8.0 -305.253430477
9.0 -320.331637736
10.0 -366.875133958
11.0 -373.25797049
12.0 -394.570870975
14.0 -412.334039004
15.0 -458.877535226
21.0 -479.927946988
22.0 -492.733537819
23.0 -498.578827064
24.0 -554.167180227
28.0 -557.173383061
29.0 -596.76302822
34.0 -659.784933652

0.0 -0.0
1.0 -98.7610550736
2.0 -166.707532987
3.0 -184.894196455
4.0 -231.437692677
5.0 -266.389441278
6.0 -334.335919191
8.0 -340.628674516
9.0 -408.57515243
13.0 -441.114367197
14.0 -447.497203728
17.0 -491.2111688
18.0 -504.75993571
19.0 -572.706413623
24.0 -635.728319055

0.0 -0.0
1.0 -98.7610550736
2.0 -166.707532987
3.0 -213.251029209
4.0 -252.840674368
5.0 -266.389441278
6.0 -272.772277809
8.0 -305.253430477
9.0 -311.636267009
10.0 -332.949167493
11.0 -335.794183241
14.0 -353.171776624
15.0 -401.540206635
16.0 -427.796584509
20.0 -462.654715191
21.0 -469.037551723
28.0 -567.332708315
34.0 -603.214716025
38.0 -639.634842052

0.0 -0.0
1.0 -98.7610550736
2.0 -166.707532987
3.0 -184.894196455
5.0 -294.746274032
6.0 -334.335919191
7.0 -380.879415413
10.0 -455.118648652
17.0 -462.220328169
19.0 -475.255360174
22.0 -525.242233601
23.0 -571.785729823
35.0 -581.79907115
39.0 -585.080236961
42.0 -585.200284961
43.0 -631.743781183
50.0 -665.599783775

0.0 -0.0
1.0 -98.7610550736
2.0 -166.707532987
3.0 -213.251029209
4.0 -252.840674368
6.0 -287.490262448
8.0 -340.628674516
11.0 -351.135830961
12.0 -368.698831347
15.0 -386.07642473
16.0 -423.264690887
17.0 -460.701232615
19.0 -542.196477438
25.0 -564.121468255
30.0 -613.229591355
33.0 -665.923948762
37.0 -670.106330774
39.0 -674.678333326
47.0 -714.379625164

0.0 -0.0
1.0 -98.7610550736
2.0 -166.707532987
3.0 -213.251029209
4.0 -252.840674368
5.0 -299.38417059
7.0 -327.079907607
8.0 -373.623403829
9.0 -380.00624036
10.0 -455.118648652
19.0 -520.41553922
24.0 -526.575804796
27.0 -600.815038035

0.0 -0.0
1.0 -98.7610550736
2.0 -166.707532987
3.0 -184.894196455
4.0 -252.840674368
6.0 -312.9329375
7.0 -327.079907607
9.0 -344.843075636
10.0 -391.386571858
11.0 -404.935338767
12.0 -411.318175299
14.0 -500.577553698
15.0 -547.12104992
20.0 -610.142955351
21.0 -616.525791883
23.0 -627.520548734
26.0 -646.024963062
31.0 -718.153822987

0.0 -0.0
1.0 -98.7610550736
2.0 -166.707532987
3.0 -213.251029209
4.0 -252.840674368
7.0 -327.079907607
10.0 -391.386571858
11.0 -404.935338767
15.0 -409.282920878
16.0 -415.66575741
17.0 -440.817346477
19.0 -489.904990648
23.0 -505.690194819
30.0 -567.903030166
31.0 -586.089693633
40.0 -651.386584201
41.0 -719.333062115

0.0 -0.0
1.0 -98.7610550736
2.0 -166.707532987
3.0 -184.894196455
4.0 -252.840674368
5.0 -299.38417059
6.0 -334.335919191
7.0 -340.718755723
8.0 -373.623403829
11.0 -406.464779117
13.0 -411.03678167
14.0 -417.419618201
15.0 -442.884905144
19.0 -486.864277932

0.0 -0.0
1.0 -98.7610550736
2.0 -166.707532987
3.0 -213.251029209
4.0 -252.840674368
5.0 -299.38417059
6.0 -334.335919191
7.0 -380.879415413
8.0 -387.262251945
9.0 -408.57515243
11.0 -426.338320459
12.0 -432.721156991
14.0 -500.577553698
25.0 -517.167609586
27.0 -562.437819116
28.0 -608.981315338
29.0 -615.364151869

0.0 -0.0
1.0 -98.7610550736
2.0 -166.707532987
3.0 -213.251029209
4.0 -252.840674368
5.0 -294.746274032
6.0 -334.335919191
7.0 -380.879415413
12.0 -414.444412316
16.0 -450.864538344
20.0 -454.145704155
24.0 -490.565830182
27.0 -496.163910818
28.0 -542.70740704
41.0 -566.269177729

0.0 -0.0
1.0 -98.7610550736
2.0 -166.707532987
3.0 -184.894196455
4.0 -252.840674368
5.0 -266.389441278
6.0 -272.772277809
8.0 -340.628674516
9.0 -347.011511048
11.0 -351.5835136
12.0 -419.082308875
13.0 -432.631075784
14.0 -500.577553698
16.0 -505.14955625
19.0 -572.706413623
22.0 -578.304494259
25.0 -594.631404441
27.0 -653.105912438

0.0 -0.0
1.0 -98.7610550736
2.0 -166.707532987
3.0 -213.251029209
4.0 -252.840674368
5.0 -299.38417059
8.0 -305.253430477
9.0 -344.843075636
10.0 -391.386571858
11.0 -397.76940839
13.0 -402.341410942
14.0 -472.008641628
21.0 -490.290485
23.0 -534.807976105

0.0 -0.0
1.0 -98.7610550736
2.0 -166.707532987
3.0 -213.251029209
4.0 -252.840674368
5.0 -266.389441278
6.0 -287.490262448
7.0 -340.718755723
10.0 -345.200677069
11.0 -391.744173291
18.0 -401.174502737
19.0 -499.935557811
26.0 -531.256929079
27.0 -577.800425301
29.0 -591.834227784
31.0 -653.110529734
35.0 -709.749598634

0.0 -0.0
1.0 -98.7610550736
2.0 -166.707532987
3.0 -184.894196455
4.0 -252.840674368
5.0 -266.389441278
6.0 -334.335919191
7.0 -340.718755723
10.0 -370.756045219
12.0 -377.048800543
13.0 -432.631075784
15.0 -433.777950651
17.0 -469.051201811
22.0 -532.073107243

0.0 -0.0
1.0 -98.7610550736
2.0 -166.707532987
3.0 -213.251029209
4.0 -252.840674368
5.0 -294.746274032
7.0 -322.442011049
8.0 -368.985507271
13.0 -375.145772847
15.0 -402.841509864
16.0 -408.686799109
21.0 -438.723517574
29.0 -467.42822907
30.0 -513.971725292

0.0 -0.0
1.0 -98.7610550736
2.0 -166.707532987
3.0 -184.894196455
4.0 -252.840674368
5.0 -266.389441278
6.0 -334.335919191
7.0 -340.718755723
9.0 -344.843075636
11.0 -406.464779117
12.0 -412.847615649
16.0 -469.486684549
17.0 -475.869521081
19.0 -486.864277932
22.0 -493.765870101
31.0 -506.327264217
37.0 -528.252255035
48.0 -606.863474554

0.0 -0.0
1.0 -98.7610550736
2.0 -166.707532987
3.0 -213.251029209
4.0 -252.840674368
5.0 -299.38417059
7.0 -327.079907607
8.0 -373.623403829
10.0 -391.386571858
13.0 -465.625805097
27.0 -492.917156425
33.0 -514.842147243
36.0 -558.214046993
38.0 -639.709291816
44.0 -675.591299526

0.0 -0.0
1.0 -98.7610550736
2.0 -166.707532987
3.0 -213.251029209
4.0 -252.840674368
5.0 -299.38417059
6.0 -334.335919191
7.0 -380.879415413
9.0 -408.57515243
10.0 -455.118648652
16.0 -491.000656362
22.0 -512.925647179
25.0 -556.29754693
38.0 -600.299027593
40.0 -612.597295978
42.0 -616.416580106
43.0 -618.195376614
44.0 -636.653219331
47.0 -708.418981373

0.0 -0.0
1.0 -98.7610550736
2.0 -166.707532987
3.0 -184.894196455
4.0 -252.840674368
5.0 -299.38417059
7.0 -327.079907607
8.0 -373.623403829
9.0 -408.57515243
14.0 -409.505411539
18.0 -445.925537566
19.0 -501.507812807
23.0 -508.947442998

0.0 -0.0
1.0 -98.7610550736
2.0 -166.707532987
3.0 -213.251029209
4.0 -248.20277781
5.0 -294.746274032
7.0 -322.442011049
8.0 -328.82484758
9.0 -375.368343802
10.0 -386.7486753
12.0 -414.444412316
14.0 -423.168801327
15.0 -458.877535226
17.0 -545.010676607
28.0 -629.957572856

0.0 -0.0
1.0 -98.7610550736
2.0 -166.707532987
3.0 -213.251029209
4.0 -252.840674368
5.0 -299.38417059
6.0 -334.335919191
9.0 -344.843075636
10.0 -391.386571858
12.0 -472.881816681
16.0 -489.360225891
17.0 -535.903722113
19.0 -563.599459129

0.0 -0.0
1.0 -98.7610550736
2.0 -166.707532987
3.0 -184.894196455
4.0 -252.840674368
5.0 -259.2235109
7.0 -327.079907607
8.0 -333.462744138
9.0 -408.57515243
13.0 -460.716729288
22.0 -520.405304194
23.0 -566.948800416

0.0 -0.0
1.0 -98.7610550736
2.0 -166.707532987
3.0 -213.251029209
4.0 -252.840674368
6.0 -282.11836034
7.0 -288.501196871
9.0 -356.357593578
10.0 -362.74043011
12.0 -380.503598139
15.0 -407.479406422
16.0 -417.269125697
17.0 -423.651962229
19.0 -431.535329776
20.0 -499.481807689
22.0 -515.654363497
33.0 -557.181567523

0.0 -0.0
1.0 -98.7610550736
2.0 -166.707532987
3.0 -213.251029209
4.0 -248.20277781
5.0 -266.389441278
6.0 -312.9329375
9.0 -340.205179078
15.0 -376.087186788
16.0 -423.264690887
17.0 -449.177660469
21.0 -486.286596318
22.0 -512.199565901
25.0 -522.706722346
26.0 -529.089558877
28.0 -533.66156143
30.0 -551.583486886
31.0 -557.966323418

0.0 -0.0
1.0 -98.7610550736
2.0 -166.707532987
3.0 -213.251029209
4.0 -252.840674368
7.0 -258.709934255
8.0 -305.253430477
9.0 -340.205179078
11.0 -393.131511832
12.0 -414.444412316
14.0 -467.37074507
25.0 -468.712023183
26.0 -488.455456869
27.0 -550.207268007
28.0 -574.58859825
35.0 -590.661252097
41.0 -626.543259807

0.0 -0.0
1.0 -98.7610550736
2.0 -166.707532987
3.0 -213.251029209
4.0 -252.840674368
5.0 -299.38417059
6.0 -312.9329375
8.0 -373.623403829
9.0 -387.172170738
10.0 -455.118648652
12.0 -472.881816681
14.0 -479.174572006
16.0 -489.360225891
17.0 -535.903722113
19.0 -563.599459129
20.0 -610.142955351
21.0 -616.525791883
24.0 -622.123872519
25.0 -628.039304372
29.0 -664.459430399
30.0 -700.168164298
46.0 -756.351118834
50.0 -792.771244861

0.0 -0.0
1.0 -98.7610550736
2.0 -166.707532987
3.0 -213.251029209
4.0 -252.840674368
5.0 -294.746274032
6.0 -301.129110564
8.0 -305.253430477
9.0 -318.802197386
10.0 -386.7486753
11.0 -404.935338767
12.0 -472.881816681
20.0 -553.281315496

