0.0 -0.0
1.0 -98.7610550736
2.0 -166.707532987
3.0 -213.251029209
4.0 -252.840674368
5.0 -299.38417059
6.0 -334.335919191
7.0 -380.879415413
8.0 -387.262251945
9.0 -408.57515243
11.0 -426.338320459
12.0 -472.881816681
14.0 -500.577553698
15.0 -506.960390229
17.0 -535.903722113
18.0 -542.286558645
20.0 -610.142955351
23.0 -614.41541857
25.0 -682.271815277
28.0 -687.869895913
30.0 -688.432080854
32.0 -693.004083406
33.0 -762.671314092
36.0 -768.269394728
39.0 -798.553321802

0.0 -0.0
1.0 -98.7610550736
2.0 -166.707532987
3.0 -213.251029209
4.0 -252.840674368
5.0 -299.38417059
6.0 -334.335919191
7.0 -380.879415413
8.0 -387.262251945
9.0 -408.57515243
10.0 -414.957988961
11.0 -426.338320459
12.0 -472.881816681
14.0 -500.577553698
15.0 -547.12104992
18.0 -552.719130556
19.0 -572.706413623
21.0 -583.00305763
24.0 -587.275520848
25.0 -625.410175422
26.0 -646.024963062
27.0 -653.105912438
28.0 -699.64940866
32.0 -716.12781787
36.0 -752.547943897
37.0 -799.091440119
43.0 -834.973447829
46.0 -864.388330687

0.0 -0.0
1.0 -98.7610550736
2.0 -166.707532987
3.0 -213.251029209
4.0 -252.840674368
5.0 -299.38417059
6.0 -334.335919191
7.0 -380.879415413
9.0 -408.57515243
10.0 -455.118648652
11.0 -461.501485183
13.0 -465.625805097
14.0 -500.577553698
15.0 -518.140554084
16.0 -524.523390615
18.0 -537.754665022
19.0 -572.706413623
20.0 -619.249909845
21.0 -625.632746377
25.0 -637.146258866
27.0 -653.105912438
28.0 -699.64940866
30.0 -704.221411213
33.0 -762.671314092
37.0 -799.091440119

0.0 -0.0
1.0 -98.7610550736
2.0 -166.707532987
3.0 -213.251029209
4.0 -252.840674368
5.0 -299.38417059
6.0 -334.335919191
7.0 -380.879415413
8.0 -387.262251945
9.0 -408.57515243
10.0 -455.118648652
11.0 -461.501485183
12.0 -472.881816681
14.0 -500.577553698
15.0 -547.12104992
16.0 -553.503886451
19.0 -583.541175947
23.0 -600.019585157
24.0 -646.563081379
28.0 -672.148445082
29.0 -718.691941304
32.0 -724.29002194
35.0 -754.573949014
43.0 -773.32734336

0.0 -0.0
1.0 -98.7610550736
2.0 -166.707532987
3.0 -213.251029209
4.0 -252.840674368
5.0 -299.38417059
6.0 -334.335919191
7.0 -380.879415413
9.0 -408.57515243
10.0 -455.118648652
12.0 -459.690651204
13.0 -460.716729288
14.0 -500.577553698
15.0 -547.12104992
18.0 -552.719130556
19.0 -572.706413623
20.0 -610.142955351
23.0 -615.741035988
25.0 -628.039304372
27.0 -652.161162015
31.0 -696.140534802
37.0 -724.785639538
40.0 -730.383720174
42.0 -787.807544969

0.0 -0.0
1.0 -98.7610550736
2.0 -166.707532987
3.0 -213.251029209
4.0 -252.840674368
5.0 -299.38417059
6.0 -334.335919191
7.0 -380.879415413
9.0 -408.57515243
10.0 -455.118648652
11.0 -461.501485183
13.0 -465.625805097
14.0 -500.577553698
15.0 -547.12104992
16.0 -553.503886451
19.0 -563.599459129
21.0 -583.00305763
24.0 -612.417940488
25.0 -620.708173895
28.0 -648.838066515
29.0 -657.128299922
32.0 -692.817439302
38.0 -722.42519049

0.0 -0.0
1.0 -98.7610550736
2.0 -166.707532987
3.0 -213.251029209
4.0 -252.840674368
5.0 -299.38417059
6.0 -334.335919191
7.0 -380.879415413
8.0 -387.262251945
9.0 -408.57515243
10.0 -455.118648652
11.0 -461.501485183
12.0 -472.881816681
13.0 -479.264653213
14.0 -500.577553698
15.0 -547.12104992
16.0 -553.503886451
19.0 -572.706413623
20.0 -619.249909845
23.0 -627.520548734
24.0 -635.728319055
25.0 -642.111155587
26.0 -655.131917555
27.0 -663.940674761
28.0 -690.542454166
32.0 -726.962580193
37.0 -734.02416689
38.0 -780.567663112
44.0 -802.49265393
49.0 -821.126000276
50.0 -838.37466164

0.0 -0.0
1.0 -98.7610550736
2.0 -166.707532987
3.0 -213.251029209
4.0 -252.840674368
5.0 -299.38417059
6.0 -334.335919191
7.0 -380.879415413
8.0 -387.262251945
9.0 -408.57515243
10.0 -455.118648652
11.0 -461.501485183
12.0 -472.881816681
13.0 -479.264653213
14.0 -500.577553698
15.0 -547.12104992
16.0 -553.503886451
18.0 -558.075889004
19.0 -572.706413623
20.0 -619.249909845
21.0 -625.632746377
24.0 -635.728319055
25.0 -682.271815277
26.0 -688.654651809
29.0 -694.252732445
32.0 -716.12781787
33.0 -722.510654401
34.0 -769.054150623
37.0 -774.65223126
42.0 -808.755442462
45.0 -814.353523098
49.0 -821.126000276
50.0 -827.508836807

0.0 -0.0
1.0 -98.7610550736
2.0 -166.707532987
3.0 -213.251029209
4.0 -252.840674368
5.0 -299.38417059
6.0 -334.335919191
7.0 -380.879415413
8.0 -387.262251945
9.0 -408.57515243
10.0 -455.118648652
11.0 -461.501485183
12.0 -472.881816681
14.0 -500.577553698
15.0 -547.12104992
17.0 -551.693052472
19.0 -583.541175947
20.0 -619.249909845
21.0 -625.632746377
23.0 -630.204748929
24.0 -655.670035872
25.0 -682.271815277
26.0 -688.654651809
28.0 -699.64940866
29.0 -718.691941304
32.0 -736.069534687
33.0 -762.671314092
37.0 -799.091440119
41.0 -801.366425255
43.0 -834.973447829
44.0 -841.356284361
47.0 -845.86455368
49.0 -850.436556233

0.0 -0.0
1.0 -98.7610550736
2.0 -166.707532987
3.0 -213.251029209
4.0 -252.840674368
5.0 -299.38417059
6.0 -334.335919191
7.0 -380.879415413
9.0 -408.57515243
10.0 -455.118648652
12.0 -472.881816681
14.0 -500.577553698
15.0 -547.12104992
17.0 -551.693052472
18.0 -558.075889004
19.0 -572.706413623
20.0 -619.249909845
22.0 -623.821912398
23.0 -624.847990481
24.0 -646.563081379
25.0 -682.271815277
27.0 -686.84381783
28.0 -690.542454166
29.0 -718.691941304
32.0 -726.962580193
34.0 -731.534582746
35.0 -754.573949014
37.0 -755.839344734
40.0 -783.450713555
41.0 -792.259470761
43.0 -796.831473314
47.0 -828.141478471
49.0 -832.713481024

0.0 -0.0
1.0 -98.7610550736
2.0 -166.707532987
3.0 -213.251029209
4.0 -252.840674368
5.0 -299.38417059
6.0 -334.335919191
7.0 -380.879415413
8.0 -387.262251945
9.0 -408.57515243
10.0 -414.957988961
11.0 -461.501485183
12.0 -472.881816681
14.0 -500.577553698
15.0 -506.960390229
16.0 -553.503886451
19.0 -563.599459129
20.0 -569.982295661
23.0 -575.580376297
25.0 -618.800777019
30.0 -636.697126039
33.0 -681.812447425

0.0 -0.0
1.0 -98.7610550736
2.0 -166.707532987
3.0 -213.251029209
4.0 -252.840674368
5.0 -299.38417059
6.0 -334.335919191
7.0 -380.879415413
8.0 -387.262251945
9.0 -408.57515243
10.0 -455.118648652
11.0 -461.501485183
12.0 -472.881816681
14.0 -500.577553698
16.0 -509.301942708
17.0 -535.903722113
18.0 -536.997679725
19.0 -563.599459129
20.0 -610.142955351
23.0 -627.520548734
24.0 -646.563081379
26.0 -651.135083931
28.0 -690.542454166
29.0 -718.691941304
34.0 -736.588290325
37.0 -755.839344734
39.0 -760.411347287
41.0 -768.44266854
42.0 -774.825505071
43.0 -791.721352444
45.0 -796.293354997

0.0 -0.0
1.0 -98.7610550736
2.0 -166.707532987
3.0 -213.251029209
4.0 -252.840674368
5.0 -299.38417059
6.0 -334.335919191
7.0 -380.879415413
8.0 -387.262251945
9.0 -408.57515243
10.0 -455.118648652
11.0 -461.501485183
12.0 -472.881816681
13.0 -479.264653213
14.0 -500.577553698
15.0 -547.12104992
16.0 -553.503886451
18.0 -558.075889004
19.0 -572.706413623
21.0 -577.278416176
22.0 -608.032582039
23.0 -609.12653965
24.0 -635.728319055
26.0 -644.452708066
27.0 -653.105912438
28.0 -690.542454166
32.0 -736.069534687
33.0 -762.671314092
37.0 -799.091440119
41.0 -802.37260593
42.0 -808.755442462
43.0 -834.973447829

0.0 -0.0
1.0 -98.7610550736
2.0 -166.707532987
3.0 -213.251029209
4.0 -252.840674368
5.0 -299.38417059
6.0 -334.335919191
8.0 -368.985507271
9.0 -408.57515243
11.0 -426.338320459
12.0 -472.881816681
14.0 -500.577553698
15.0 -547.12104992
16.0 -553.503886451
19.0 -572.706413623
20.0 -619.249909845
21.0 -625.632746377
23.0 -627.520548734
24.0 -655.670035872
25.0 -682.271815277
26.0 -688.654651809
28.0 -699.64940866
29.0 -718.691941304
30.0 -725.074777836
33.0 -762.671314092
36.0 -768.269394728
37.0 -799.091440119
38.0 -805.474276651
44.0 -841.356284361
47.0 -870.771167219

0.0 -0.0
1.0 -98.7610550736
2.0 -166.707532987
3.0 -213.251029209
4.0 -252.840674368
5.0 -299.38417059
6.0 -334.335919191
7.0 -380.879415413
9.0 -408.57515243
10.0 -455.118648652
12.0 -472.881816681
13.0 -479.264653213
14.0 -500.577553698
15.0 -547.12104992
16.0 -553.503886451
19.0 -572.706413623
20.0 -619.249909845
24.0 -635.728319055
25.0 -682.271815277
28.0 -699.64940866
31.0 -705.247489296
32.0 -716.12781787
33.0 -722.510654401
35.0 -727.082656954
37.0 -764.946299228
41.0 -781.424708438
42.0 -787.807544969
47.0 -817.306716148
49.0 -821.8787187
50.0 -822.904796784

0.0 -0.0
1.0 -98.7610550736
2.0 -166.707532987
3.0 -213.251029209
4.0 -252.840674368
5.0 -299.38417059
6.0 -334.335919191
7.0 -380.879415413
8.0 -387.262251945
9.0 -408.57515243
10.0 -455.118648652
11.0 -461.501485183
12.0 -472.881816681
14.0 -500.577553698
15.0 -547.12104992
16.0 -553.503886451
19.0 -583.541175947
20.0 -619.249909845
23.0 -627.520548734
24.0 -633.903385266
25.0 -682.271815277
29.0 -706.032245192
31.0 -718.153822987
32.0 -736.069534687
37.0 -753.965883708
40.0 -775.770826525
42.0 -816.987789139

0.0 -0.0
1.0 -98.7610550736
2.0 -166.707532987
3.0 -213.251029209
4.0 -252.840674368
5.0 -299.38417059
6.0 -334.335919191
7.0 -380.879415413
8.0 -387.262251945
10.0 -455.118648652
13.0 -460.987908538
14.0 -491.538774679
15.0 -547.12104992
19.0 -583.541175947
20.0 -619.249909845
21.0 -625.632746377
23.0 -627.520548734
24.0 -655.670035872
25.0 -662.052872404
27.0 -663.940674761
28.0 -699.64940866
29.0 -706.032245192
32.0 -736.069534687
33.0 -742.452371219
35.0 -747.024373771
36.0 -748.050451855
37.0 -799.091440119
42.0 -816.987789139
43.0 -823.370625671
45.0 -838.792731957
50.0 -856.689080977

0.0 -0.0
1.0 -98.7610550736
2.0 -166.707532987
3.0 -213.251029209
4.0 -252.840674368
5.0 -299.38417059
6.0 -334.335919191
7.0 -380.879415413
8.0 -387.262251945
9.0 -408.57515243
11.0 -426.338320459
12.0 -472.881816681
13.0 -479.264653213
14.0 -500.577553698
15.0 -547.12104992
18.0 -552.719130556
19.0 -583.541175947
20.0 -619.249909845
24.0 -635.728319055
26.0 -644.452708066
28.0 -672.148445082
29.0 -718.691941304
35.0 -754.573949014
39.0 -758.146024533
40.0 -764.744032203
41.0 -770.444292917
42.0 -788.429951607
43.0 -834.973447829
45.0 -839.545450382
48.0 -845.143531018
49.0 -851.526367549

0.0 -0.0
1.0 -98.7610550736
2.0 -166.707532987
3.0 -213.251029209
4.0 -252.840674368
5.0 -299.38417059
6.0 -334.335919191
7.0 -380.879415413
8.0 -387.262251945
9.0 -408.57515243
10.0 -455.118648652
11.0 -461.501485183
12.0 -472.881816681
13.0 -479.264653213
14.0 -500.577553698
15.0 -547.12104992
16.0 -553.503886451
19.0 -583.541175947
20.0 -619.249909845
21.0 -625.632746377
24.0 -655.670035872
26.0 -688.654651809
28.0 -690.542454166
29.0 -696.925290698
30.0 -725.074777836
35.0 -732.807298408
37.0 -737.37930096
38.0 -748.887571011
41.0 -754.732289225
43.0 -772.508590246
48.0 -776.447922373
49.0 -794.433581063

0.0 -0.0
1.0 -98.7610550736
2.0 -166.707532987
3.0 -213.251029209
4.0 -252.840674368
5.0 -299.38417059
6.0 -334.335919191
7.0 -380.879415413
9.0 -408.57515243
10.0 -455.118648652
12.0 -472.881816681
14.0 -500.577553698
15.0 -547.12104992
18.0 -551.393513138
19.0 -572.706413623
20.0 -579.089250155
21.0 -625.632746377
24.0 -631.230827013
25.0 -642.111155587
28.0 -650.745463391
29.0 -678.531281614
30.0 -690.929636945
32.0 -694.724836178
33.0 -701.10767271
35.0 -708.825985965
36.0 -731.144962205
37.0 -745.73353703
39.0 -750.305539582
41.0 -782.153663057
42.0 -808.755442462
44.0 -813.327445014
46.0 -845.175568489
48.0 -849.747571041

0.0 -0.0
1.0 -98.7610550736
2.0 -166.707532987
3.0 -213.251029209
4.0 -252.840674368
5.0 -299.38417059
6.0 -334.335919191
7.0 -380.879415413
8.0 -387.262251945
9.0 -408.57515243
10.0 -455.118648652
11.0 -461.501485183
12.0 -472.881816681
13.0 -479.264653213
14.0 -491.538774679
15.0 -547.12104992
19.0 -583.541175947
20.0 -610.142955351
23.0 -627.520548734
24.0 -655.670035872
27.0 -663.940674761
29.0 -718.691941304
32.0 -726.962580193
35.0 -740.616932122
37.0 -758.393233142
38.0 -783.988831872
44.0 -797.857551397
48.0 -801.138717208
50.0 -833.739559108

0.0 -0.0
1.0 -98.7610550736
2.0 -166.707532987
3.0 -213.251029209
4.0 -252.840674368
5.0 -299.38417059
6.0 -334.335919191
7.0 -380.879415413
8.0 -387.262251945
9.0 -408.57515243
10.0 -455.118648652
12.0 -472.881816681
13.0 -479.264653213
14.0 -500.577553698
15.0 -547.12104992
19.0 -572.706413623
20.0 -619.249909845
22.0 -623.821912398
23.0 -627.520548734
24.0 -655.670035872
25.0 -682.271815277
26.0 -688.654651809
28.0 -699.64940866
29.0 -718.691941304
32.0 -736.069534687
33.0 -762.671314092
37.0 -799.091440119
42.0 -827.96820466
45.0 -833.566285296

0.0 -0.0
1.0 -98.7610550736
2.0 -166.707532987
3.0 -213.251029209
4.0 -252.840674368
5.0 -299.38417059
6.0 -334.335919191
7.0 -380.879415413
8.0 -387.262251945
9.0 -408.57515243
10.0 -455.118648652
12.0 -472.881816681
13.0 -479.264653213
14.0 -500.577553698
15.0 -506.960390229
18.0 -512.558470865
19.0 -563.599459129
23.0 -624.847990481
24.0 -635.728319055
28.0 -687.869895913
38.0 -697.518576952
39.0 -715.504235642
44.0 -733.400584662
47.0 -738.998665298

0.0 -0.0
1.0 -98.7610550736
2.0 -166.707532987
3.0 -213.251029209
4.0 -252.840674368
5.0 -299.38417059
6.0 -334.335919191
7.0 -380.879415413
8.0 -387.262251945
9.0 -408.57515243
10.0 -455.118648652
11.0 -461.501485183
12.0 -472.881816681
14.0 -500.577553698
15.0 -547.12104992
17.0 -551.693052472
18.0 -552.719130556
19.0 -572.706413623
20.0 -619.249909845
22.0 -623.821912398
23.0 -627.520548734
24.0 -655.670035872
25.0 -682.271815277
28.0 -699.64940866
31.0 -718.153822987
32.0 -736.069534687
36.0 -773.626153176
40.0 -775.770826525
41.0 -791.522502196
43.0 -806.944608482
44.0 -813.327445014
45.0 -827.942628223
47.0 -843.36473451

0.0 -0.0
1.0 -98.7610550736
2.0 -166.707532987
3.0 -213.251029209
4.0 -252.840674368
5.0 -299.38417059
6.0 -334.335919191
7.0 -380.879415413
8.0 -387.262251945
9.0 -408.57515243
10.0 -455.118648652
11.0 -461.501485183
12.0 -472.881816681
13.0 -479.264653213
14.0 -500.577553698
15.0 -547.12104992
16.0 -553.503886451
19.0 -572.706413623
20.0 -619.249909845
21.0 -625.632746377
24.0 -635.728319055
25.0 -682.271815277
28.0 -690.542454166
30.0 -700.168164298
32.0 -716.12781787
33.0 -762.671314092
38.0 -764.776069674
41.0 -802.37260593
45.0 -838.792731957
46.0 -845.175568489
50.0 -867.669496498

0.0 -0.0
1.0 -98.7610550736
2.0 -166.707532987
3.0 -213.251029209
4.0 -252.840674368
5.0 -299.38417059
6.0 -334.335919191
7.0 -380.879415413
8.0 -387.262251945
9.0 -408.57515243
10.0 -455.118648652
12.0 -472.881816681
14.0 -500.577553698
15.0 -547.12104992
16.0 -553.503886451
19.0 -583.541175947
20.0 -619.249909845
23.0 -627.520548734
24.0 -633.903385266
26.0 -655.131917555
27.0 -663.940674761
28.0 -699.64940866
31.0 -705.247489296
33.0 -711.859971947
34.0 -735.53141637
37.0 -764.946299228
38.0 -771.32913576
41.0 -802.37260593
42.0 -807.749261787
44.0 -812.321264339
47.0 -870.771167219

0.0 -0.0
1.0 -98.7610550736
2.0 -166.707532987
3.0 -213.251029209
4.0 -252.840674368
5.0 -299.38417059
6.0 -334.335919191
7.0 -380.879415413
8.0 -387.262251945
9.0 -408.57515243
10.0 -455.118648652
12.0 -459.690651204
13.0 -479.264653213
14.0 -500.577553698
15.0 -547.12104992
19.0 -572.706413623
20.0 -619.249909845
24.0 -635.728319055
25.0 -682.271815277
26.0 -688.654651809
28.0 -699.64940866
30.0 -700.168164298
31.0 -718.153822987
32.0 -726.962580193
33.0 -762.671314092
35.0 -767.243316644
39.0 -798.553321802
42.0 -827.96820466
44.0 -832.540207212
50.0 -867.669496498

0.0 -0.0
1.0 -98.7610550736
2.0 -166.707532987
3.0 -213.251029209
4.0 -252.840674368
5.0 -299.38417059
6.0 -334.335919191
7.0 -380.879415413
8.0 -387.262251945
9.0 -408.57515243
10.0 -455.118648652
12.0 -472.881816681
13.0 -479.264653213
14.0 -500.577553698
15.0 -547.12104992
16.0 -553.503886451
19.0 -572.706413623
20.0 -619.249909845
21.0 -625.632746377
23.0 -630.204748929
24.0 -635.728319055
25.0 -682.271815277
26.0 -688.654651809
28.0 -699.64940866
29.0 -706.032245192
32.0 -716.12781787
33.0 -762.671314092
34.0 -769.054150623
39.0 -769.518301781
41.0 -802.37260593
45.0 -805.400309491
49.0 -821.126000276
50.0 -827.508836807

0.0 -0.0
1.0 -98.7610550736
2.0 -166.707532987
3.0 -213.251029209
4.0 -252.840674368
5.0 -299.38417059
6.0 -334.335919191
7.0 -380.879415413
8.0 -387.262251945
9.0 -408.57515243
10.0 -455.118648652
11.0 -461.501485183
12.0 -472.881816681
13.0 -479.264653213
14.0 -500.577553698
15.0 -547.12104992
16.0 -553.503886451
20.0 -619.249909845
21.0 -625.632746377
23.0 -627.520548734
24.0 -633.903385266
25.0 -682.271815277
26.0 -688.654651809
28.0 -699.64940866
29.0 -706.032245192
30.0 -725.074777836
33.0 -762.671314092
34.0 -769.054150623
38.0 -805.474276651
42.0 -827.96820466
43.0 -834.351041191
48.0 -849.893195477
49.0 -870.233048902

0.0 -0.0
1.0 -98.7610550736
2.0 -166.707532987
3.0 -213.251029209
4.0 -252.840674368
5.0 -299.38417059
6.0 -334.335919191
7.0 -380.879415413
8.0 -387.262251945
9.0 -408.57515243
10.0 -455.118648652
11.0 -461.501485183
12.0 -472.881816681
13.0 -479.264653213
14.0 -500.577553698
15.0 -547.12104992
16.0 -553.503886451
19.0 -583.541175947
20.0 -619.249909845
21.0 -625.632746377
24.0 -655.670035872
25.0 -682.271815277
26.0 -688.654651809
29.0 -718.691941304
30.0 -725.074777836
34.0 -747.568705845
36.0 -760.956785546
38.0 -783.988831872
39.0 -790.371668404
48.0 -810.508379926

0.0 -0.0
1.0 -98.7610550736
2.0 -166.707532987
3.0 -213.251029209
4.0 -252.840674368
5.0 -299.38417059
6.0 -334.335919191
7.0 -380.879415413
8.0 -387.262251945
9.0 -408.57515243
10.0 -455.118648652
11.0 -461.501485183
12.0 -472.881816681
13.0 -479.264653213
14.0 -491.538774679
15.0 -547.12104992
16.0 -553.503886451
19.0 -583.541175947
20.0 -619.249909845
21.0 -625.632746377
24.0 -655.670035872
25.0 -682.271815277
26.0 -688.654651809
28.0 -699.64940866
31.0 -705.247489296
32.0 -736.069534687
33.0 -762.671314092
38.0 -771.951542397
39.0 -778.334378929
41.0 -801.366425255
42.0 -807.749261787
46.0 -864.388330687

0.0 -0.0
1.0 -98.7610550736
2.0 -166.707532987
3.0 -213.251029209
4.0 -252.840674368
5.0 -299.38417059
6.0 -334.335919191
7.0 -380.879415413
8.0 -387.262251945
9.0 -408.57515243
11.0 -426.338320459
12.0 -472.881816681
13.0 -479.264653213
14.0 -500.577553698
16.0 -533.630345109
17.0 -545.010676607
18.0 -551.393513138
19.0 -583.541175947
20.0 -619.249909845
21.0 -625.632746377
24.0 -655.670035872
25.0 -662.052872404
26.0 -688.654651809
30.0 -690.929636945
32.0 -695.37132771
33.0 -701.025209623
34.0 -747.568705845
35.0 -753.951542377
38.0 -759.549623013
39.0 -790.371668404
43.0 -834.351041191

