old results:
tail: [   0    0    0    0    0    0    0    0    0    0    0    0    9  302 1518
 2886 2819 1663  761  224   52    5    0    0    0    0]
total elapsed 524.233295918

kreduce:
tail: [   0    0    0    0    0    0    0    0    0    0    0    0    9  303 1518
 2886 2819 1663  761  224   52    5    0    0    0    0]
total elapsed 395.336916924

kscoarse:
tail: [   0    0    0    0    0    0    0    0    0    0    0    0    9  303 1518
 2886 2819 1663  761  224   52    5    0    0    0    0]
total elapsed 291.530721903

ksfine:
tail: [   0    0    0    0    0    0    0    0    0    0    0    0    9  303 1518
 2886 2819 1663  761  224   52    5    0    0    0    0]
total elapsed 300.057544947
