0.0 -0.0
1.0 -98.7610550736
2.0 -173.434814033
3.0 -241.381291947
4.0 -271.778868245
5.0 -339.725346159
6.0 -363.701142112
7.0 -431.647620025
8.0 -449.834283493
9.0 -513.142864849
10.0 -530.063719657
11.0 -599.27600623
12.0 -616.196861038
13.0 -622.183605969
14.0 -691.395892542
15.0 -708.316747351
17.0 -737.704522176
18.0 -754.625376984
19.0 -765.250018474
20.0 -829.824408489
21.0 -846.745263297
23.0 -849.910634732
24.0 -887.861503942
26.0 -914.09991744
28.0 -944.037402144
29.0 -979.86390521
30.0 -1026.40740143
33.0 -1072.76402503
34.0 -1077.91293109
39.0 -1096.48906373
40.0 -1099.2952302
41.0 -1170.89317832
46.0 -1183.61834362
49.0 -1196.33218725
50.0 -1212.40930814
51.0 -1243.78100709
52.0 -1254.17041812
53.0 -1335.70328095
62.0 -1373.68246175
63.0 -1375.81994465
67.0 -1421.92099527
69.0 -1443.02462707
71.0 -1455.98296074
73.0 -1460.83406341
76.0 -1528.11182067
79.0 -1536.38245956
86.0 -1549.19383636

0.0 -0.0
1.0 -98.7610550736
2.0 -173.434814033
3.0 -241.381291947
4.0 -287.924788169
5.0 -339.725346159
6.0 -379.847062036
7.0 -431.647620025
8.0 -478.191116247
9.0 -513.142864849
10.0 -559.686361071
11.0 -576.607215879
12.0 -601.447471055
13.0 -605.568761554
14.0 -644.550235799
15.0 -661.471090607
16.0 -715.276349452
18.0 -733.039517482
19.0 -782.554106714
21.0 -807.27875072
22.0 -853.822246942
24.0 -874.556507981
26.0 -889.291642127
28.0 -912.225194406
29.0 -941.911162124
30.0 -948.293998656
31.0 -973.100257432
32.0 -976.422765126
34.0 -1018.18387511
37.0 -1048.55162505
39.0 -1053.06416288
40.0 -1068.91328736
43.0 -1091.76630912
44.0 -1141.53187227
46.0 -1153.23640078
48.0 -1159.12096326
50.0 -1191.93854702
51.0 -1200.59568082
52.0 -1228.48218826
55.0 -1241.19603189
56.0 -1267.1843345
58.0 -1293.63185595
59.0 -1331.37361721
61.0 -1343.40070635
63.0 -1365.76071588
65.0 -1398.57829964
66.0 -1435.40310761
80.0 -1451.3630665
82.0 -1459.90704088
83.0 -1476.82789569
85.0 -1562.96103707
107.0 -1573.29701448
109.0 -1606.11459824
110.0 -1640.57477174

0.0 -0.0
1.0 -98.7610550736
2.0 -173.434814033
3.0 -241.381291947
4.0 -287.924788169
5.0 -339.725346159
6.0 -386.268842381
7.0 -431.647620025
8.0 -472.401983762
9.0 -517.780761407
10.0 -564.324257629
11.0 -599.27600623
12.0 -609.900647719
13.0 -656.444143941
14.0 -691.395892542
15.0 -737.939388764
16.0 -739.125756
17.0 -774.077504601
19.0 -803.315038708
20.0 -848.31673784
22.0 -881.1343216
23.0 -915.594495101
26.0 -971.458780532
27.0 -982.747291718
28.0 -999.668146526
30.0 -1027.63467873
31.0 -1043.58764046
33.0 -1080.57454466
35.0 -1094.98933288
36.0 -1101.37216941
37.0 -1136.75044286
39.0 -1153.48874249
40.0 -1173.55479188
42.0 -1208.87930279
44.0 -1229.73069008
45.0 -1230.14009823
46.0 -1244.24931554
47.0 -1271.90120822
49.0 -1301.85955001
50.0 -1308.70555724
52.0 -1323.12034546
53.0 -1326.81456099
54.0 -1364.88145544
55.0 -1371.26429197
58.0 -1403.58360168
60.0 -1432.08613787
64.0 -1437.76928421
65.0 -1443.31506317
66.0 -1467.96814558
67.0 -1468.88049225
69.0 -1479.73518919
71.0 -1521.49629918
72.0 -1543.9244719
74.0 -1576.74205566
83.0 -1659.04255465

0.0 -0.0
1.0 -98.7610550736
2.0 -173.434814033
3.0 -241.381291947
4.0 -287.924788169
5.0 -339.725346159
6.0 -386.268842381
7.0 -421.220590982
8.0 -467.764087204
9.0 -507.353732363
10.0 -513.340477294
11.0 -559.883973516
12.0 -599.473618675
13.0 -651.806247383
14.0 -663.465288938
15.0 -674.089930427
16.0 -715.995530091
17.0 -755.58517525
19.0 -757.911463983
20.0 -761.454435137
21.0 -775.674632012
22.0 -847.587576518
24.0 -849.913865251
26.0 -897.182293151
29.0 -902.780373787
32.0 -920.90733185
34.0 -966.394190576
35.0 -979.482792142
36.0 -994.260525094
38.0 -1005.09633682
39.0 -1022.01719163
40.0 -1066.52309233
42.0 -1097.62659818
44.0 -1133.76471402
48.0 -1156.02954564
49.0 -1172.95040045
51.0 -1193.80178775
55.0 -1208.83240816
58.0 -1276.11016542
70.0 -1315.3787445
74.0 -1354.08089074
75.0 -1378.40064993
80.0 -1381.62674017
81.0 -1409.47130639
83.0 -1419.37778131
84.0 -1423.76511314
86.0 -1427.36765541
88.0 -1460.18523917
90.0 -1464.75724172
93.0 -1520.34790263
95.0 -1532.11189586

0.0 -0.0
1.0 -98.7610550736
2.0 -173.434814033
3.0 -241.381291947
4.0 -271.778868245
5.0 -339.725346159
6.0 -374.05792955
7.0 -425.85848754
8.0 -455.553174373
9.0 -517.780761407
10.0 -524.60224727
11.0 -547.673060686
12.0 -605.262751161
13.0 -651.806247383
14.0 -691.395892542
15.0 -697.778729074
16.0 -706.131026688
17.0 -774.077504601
20.0 -848.31673784
21.0 -854.699574371
22.0 -866.079905869
23.0 -915.594495101
24.0 -921.977331633
25.0 -940.319139108
26.0 -986.86263533
28.0 -1007.59689637
32.0 -1012.67836601
33.0 -1074.95155051
37.0 -1104.68076728
38.0 -1121.60162208
45.0 -1185.08026609
47.0 -1212.56530013
51.0 -1264.97693186
55.0 -1292.96479895
56.0 -1309.88565376
60.0 -1362.06080277
64.0 -1381.65546964
74.0 -1415.6273146
77.0 -1435.86414995
79.0 -1440.4361525
82.0 -1519.42059354
91.0 -1584.71748411

0.0 -0.0
1.0 -98.7610550736
2.0 -173.434814033
3.0 -241.381291947
4.0 -271.778868245
5.0 -339.725346159
6.0 -363.701142112
7.0 -431.647620025
8.0 -443.107002447
9.0 -517.780761407
10.0 -524.60224727
11.0 -599.27600623
12.0 -600.462373466
13.0 -616.722133583
14.0 -681.957618289
16.0 -699.403745642
17.0 -716.32460045
18.0 -762.868096672
20.0 -790.563833688
21.0 -822.685778447
23.0 -851.862418307
24.0 -905.367390506
27.0 -972.645147768
30.0 -987.455629263
31.0 -1022.40737786
34.0 -1028.0054585
35.0 -1078.58327607
39.0 -1102.57039396
40.0 -1119.49124877
43.0 -1132.2050924
44.0 -1175.66714697
47.0 -1182.96989278
48.0 -1199.89074759
52.0 -1227.59689215
54.0 -1236.73898036
55.0 -1243.58498759
58.0 -1278.16966244
59.0 -1295.09051725
61.0 -1311.01486284
63.0 -1320.75928251
64.0 -1345.26151005
65.0 -1347.43498886
67.0 -1366.86033314
69.0 -1390.84198536
71.0 -1396.72654784
72.0 -1414.47340747
74.0 -1425.74866521
75.0 -1439.63780172
76.0 -1467.5097752
77.0 -1542.18353416
79.0 -1546.75553671
91.0 -1547.22711532
92.0 -1550.83846175
93.0 -1565.91506122
95.0 -1598.73264498
96.0 -1615.65349979
98.0 -1657.91746249
106.0 -1697.61875433

0.0 -0.0
1.0 -98.7610550736
2.0 -173.434814033
3.0 -241.381291947
4.0 -271.778868245
5.0 -339.725346159
6.0 -363.701142112
7.0 -431.647620025
8.0 -449.834283493
9.0 -517.780761407
10.0 -564.324257629
11.0 -599.27600623
12.0 -616.196861038
13.0 -647.005869688
14.0 -691.395892542
15.0 -728.501114511
16.0 -734.883951042
17.0 -774.077504601
19.0 -815.838614586
21.0 -848.656198346
23.0 -867.344144247
24.0 -887.967474511
26.0 -908.818861808
27.0 -934.335509085
29.0 -976.096619069
31.0 -989.056708585
34.0 -1001.41488604
35.0 -1007.79772257
38.0 -1082.03695581
47.0 -1097.67100709
49.0 -1118.6409732
51.0 -1139.95794749
52.0 -1146.76992735
53.0 -1155.06109923
55.0 -1185.84565563
58.0 -1200.9414722
59.0 -1222.26578166
60.0 -1228.64861819
62.0 -1268.25473802
63.0 -1314.79823424
68.0 -1343.67499878
70.0 -1375.52312226
72.0 -1380.09512481
76.0 -1418.79727105
77.0 -1452.22398473
78.0 -1469.14483954
82.0 -1496.9807853
84.0 -1521.70542931
85.0 -1584.41118402
87.0 -1588.98318657
93.0 -1610.90817739
97.0 -1627.26252114
104.0 -1640.07389794

0.0 -0.0
1.0 -98.7610550736
2.0 -173.434814033
3.0 -241.381291947
4.0 -271.778868245
5.0 -339.725346159
6.0 -363.701142112
7.0 -380.62199692
8.0 -449.834283493
9.0 -462.117241743
10.0 -531.329528316
11.0 -541.954169806
12.0 -564.147112076
13.0 -623.449414629
15.0 -646.828724135
16.0 -706.131026688
17.0 -734.793869835
19.0 -773.960019556
20.0 -812.061136958
22.0 -848.199252795
23.0 -894.742749017
25.0 -940.319139108
26.0 -962.020506278
28.0 -966.592508831
29.0 -996.49503731
30.0 -1018.19640448
32.0 -1063.77279457
33.0 -1082.38568719
35.0 -1127.96207728
39.0 -1165.22719636
40.0 -1191.35335347
43.0 -1225.93802833
44.0 -1242.85888314
48.0 -1271.75285229
51.0 -1276.80127937
52.0 -1323.25838195
54.0 -1349.9340883
57.0 -1417.21184556
66.0 -1468.58078637
87.0 -1483.79885247
88.0 -1501.01501045
89.0 -1520.49378372
91.0 -1522.50099872
93.0 -1551.0035349
95.0 -1551.29196323
97.0 -1589.70568114
98.0 -1615.48124594
100.0 -1656.9834384
102.0 -1661.83454107
103.0 -1662.58151904
110.0 -1671.8361765
114.0 -1723.34170616
115.0 -1739.19083064

0.0 -0.0
1.0 -98.7610550736
2.0 -173.434814033
3.0 -219.978310255
4.0 -271.778868245
5.0 -333.303565814
6.0 -363.701142112
7.0 -398.033725503
8.0 -421.704020755
9.0 -496.377779715
11.0 -541.954169806
13.0 -572.835223875
14.0 -624.635781865
16.0 -627.973340015
17.0 -691.913539126
19.0 -720.093226328
20.0 -756.102821834
22.0 -837.598066657
25.0 -848.105223101
26.0 -916.051701015
27.0 -929.600467924
31.0 -960.333691075
32.0 -1006.8771873
39.0 -1049.10433982
40.0 -1060.62071559
43.0 -1100.64414865
45.0 -1112.5505553
46.0 -1139.42135773
47.0 -1182.88341231
50.0 -1195.59725593
54.0 -1247.10278559
55.0 -1253.48562212
57.0 -1268.51574124
58.0 -1285.43659604
59.0 -1291.81943258
61.0 -1294.50116907
62.0 -1374.64068864
67.0 -1418.6519185
68.0 -1435.57277331
69.0 -1467.62093587
71.0 -1485.36583498
74.0 -1505.71009925
75.0 -1522.63095406
76.0 -1529.01379059
77.0 -1536.83283329
79.0 -1541.72763422
80.0 -1582.03903377
82.0 -1614.85661753
86.0 -1617.35286663
89.0 -1627.66799433
90.0 -1668.85839629
93.0 -1680.52618701
94.0 -1707.56054253
95.0 -1766.65932839
103.0 -1784.15099546
106.0 -1814.03018395

0.0 -0.0
1.0 -98.7610550736
2.0 -173.434814033
3.0 -241.381291947
4.0 -271.778868245
5.0 -339.725346159
6.0 -353.274113068
7.0 -425.85848754
8.0 -438.14144579
9.0 -471.966948349
10.0 -511.556593508
11.0 -555.083595821
13.0 -594.238205567
14.0 -640.781701789
16.0 -658.427488275
17.0 -704.970984497
20.0 -784.584661046
22.0 -794.03666157
23.0 -858.823894284
26.0 -923.013176992
28.0 -932.582559059
29.0 -967.446299902
31.0 -995.142036918
32.0 -1041.68553314
36.0 -1093.1910628
37.0 -1095.37829572
38.0 -1120.71176221
39.0 -1146.22840948
40.0 -1163.14926429
43.0 -1182.33137259
44.0 -1206.88264805
47.0 -1219.59649167
51.0 -1219.69402485
52.0 -1279.41524349
59.0 -1297.75326536
60.0 -1302.04729135
62.0 -1359.36566978
64.0 -1363.61671111
66.0 -1370.11056157
68.0 -1400.88183019
71.0 -1448.06320957
75.0 -1449.44645682
77.0 -1540.82384231
79.0 -1573.64142607
83.0 -1583.81306514
86.0 -1623.1243413
88.0 -1655.94192506
96.0 -1688.73432409
98.0 -1741.66065685
99.0 -1768.09540407
100.0 -1774.47824061

0.0 -0.0
1.0 -98.7610550736
2.0 -173.434814033
3.0 -241.381291947
4.0 -287.924788169
5.0 -339.725346159
6.0 -386.268842381
7.0 -431.647620025
8.0 -478.191116247
9.0 -517.780761407
10.0 -559.686361071
12.0 -605.262751161
13.0 -622.183605969
14.0 -647.023861146
15.0 -679.5019844
16.0 -726.045480622
18.0 -743.691267108
19.0 -778.649507154
20.0 -795.570361962
21.0 -802.914243912
23.0 -807.486246465
24.0 -847.075891624
25.0 -893.619387846
27.0 -926.436971606
29.0 -929.193969588
30.0 -933.290989164
31.0 -979.834485386
32.0 -1078.59554046
38.0 -1099.10934741
39.0 -1145.65284363
44.0 -1208.67474906
50.0 -1230.59973988
56.0 -1249.32246713
60.0 -1317.32998566
66.0 -1331.54021251
71.0 -1349.43656153

0.0 -0.0
1.0 -98.7610550736
2.0 -173.434814033
3.0 -213.251029209
4.0 -271.778868245
5.0 -339.725346159
6.0 -356.973861066
7.0 -431.647620025
8.0 -443.107002447
9.0 -489.650498669
10.0 -524.60224727
11.0 -571.145743492
12.0 -587.382098087
13.0 -607.283859329
14.0 -629.143208071
15.0 -679.5019844
16.0 -726.045480622
18.0 -767.806590606
19.0 -793.323237883
21.0 -835.084347867
23.0 -859.808991874
24.0 -899.273630575
26.0 -923.998274582
27.0 -964.918776656
29.0 -991.276031843
30.0 -993.297140011
31.0 -1003.6209229
32.0 -1037.04763658
34.0 -1041.61963913
37.0 -1057.5165133
38.0 -1078.13984356
40.0 -1098.99123086
43.0 -1104.58931149
44.0 -1150.49676052
45.0 -1166.345885
49.0 -1187.68190155
51.0 -1197.51183739
52.0 -1208.69059333
53.0 -1243.85779976
56.0 -1264.86649153
62.0 -1285.31864073
65.0 -1347.16699052
66.0 -1369.59516324
68.0 -1411.35627323
71.0 -1418.81700045
72.0 -1426.20293105
75.0 -1444.26057289
77.0 -1486.02168287
81.0 -1491.70482922
82.0 -1499.09075982
86.0 -1615.28920323
89.0 -1621.00920604
91.0 -1662.77031603
92.0 -1709.31381225
97.0 -1801.31621352
107.0 -1809.68528645
115.0 -1849.38657829

0.0 -0.0
1.0 -98.7610550736
2.0 -173.434814033
3.0 -241.381291947
4.0 -271.778868245
5.0 -339.725346159
6.0 -357.912009626
7.0 -421.220590982
8.0 -449.834283493
9.0 -450.031895939
10.0 -513.340477294
11.0 -532.515895552
12.0 -600.462373466
13.0 -614.011140375
14.0 -681.957618289
16.0 -739.125756
17.0 -745.947241864
19.0 -787.708351848
21.0 -831.128157268
22.0 -866.95411336
26.0 -905.656259603
27.0 -958.956514628
31.0 -964.037984268
32.0 -966.50770316
33.0 -994.838522338
35.0 -996.788653364
36.0 -1024.2534052
37.0 -1029.55863265
38.0 -1036.81118624
40.0 -1064.14330751
41.0 -1091.60805934
43.0 -1099.83309168
44.0 -1104.01586867
45.0 -1155.59447317
49.0 -1176.96421442
51.0 -1187.75874736
53.0 -1229.51985735
54.0 -1244.31886856
56.0 -1259.88760729
60.0 -1276.07692872
61.0 -1305.71172329
63.0 -1358.05746497
64.0 -1383.83302977
65.0 -1451.77950768
71.0 -1518.98419011
80.0 -1521.93779451

0.0 -0.0
1.0 -98.7610550736
2.0 -173.434814033
3.0 -241.381291947
4.0 -287.924788169
5.0 -339.725346159
6.0 -386.268842381
7.0 -431.647620025
8.0 -472.401983762
9.0 -517.780761407
10.0 -523.767506338
11.0 -599.27600623
12.0 -609.900647719
13.0 -638.563490867
14.0 -645.38497673
15.0 -720.05873569
16.0 -730.68337718
18.0 -763.00621291
19.0 -785.434385634
21.0 -827.195495618
22.0 -852.712142895
24.0 -919.315381931
27.0 -986.593139192
31.0 -987.453500102
32.0 -1004.37435491
33.0 -1025.23152802
35.0 -1066.99263801
36.0 -1079.45590137
37.0 -1096.37675618
40.0 -1134.34729215
42.0 -1215.84253697
47.0 -1251.9752865
51.0 -1311.15319304
52.0 -1324.10414642
53.0 -1336.25079545
56.0 -1378.50784718
57.0 -1396.0782851
61.0 -1426.58803629
64.0 -1458.907346
65.0 -1465.29018253
69.0 -1521.46608073
70.0 -1557.2925838
74.0 -1562.37405344
76.0 -1582.85893546
77.0 -1593.25633599
78.0 -1599.63917252
87.0 -1664.93606309
97.0 -1741.03057991
101.0 -1777.45070593

0.0 -0.0
1.0 -98.7610550736
2.0 -173.434814033
3.0 -197.105109285
4.0 -271.778868245
5.0 -339.725346159
6.0 -363.701142112
7.0 -431.647620025
8.0 -449.834283493
9.0 -517.780761407
10.0 -531.329528316
11.0 -599.27600623
12.0 -609.900647719
14.0 -637.588759821
15.0 -677.17840498
16.0 -723.721901202
19.0 -723.802028603
20.0 -776.142282225
21.0 -815.72430247
22.0 -832.645157278
23.0 -858.823894284
24.0 -879.913585178
25.0 -915.326769337
28.0 -917.178704262
29.0 -986.970402177
30.0 -1003.89125698
33.0 -1009.48933762
35.0 -1039.667489
37.0 -1065.66523582
39.0 -1070.11277115
40.0 -1107.02214315
43.0 -1171.21142586
46.0 -1191.82053328
49.0 -1228.6248823
52.0 -1258.50407078
53.0 -1284.8007805
58.0 -1325.70875321
68.0 -1329.63905937
70.0 -1391.39563288
71.0 -1397.77846941
72.0 -1424.21321664
73.0 -1430.59605317
77.0 -1452.78848761
79.0 -1480.08630358
81.0 -1512.90388734
86.0 -1541.4791583
87.0 -1588.02265452
95.0 -1606.77604887
99.0 -1620.03693257
102.0 -1621.84036673
103.0 -1628.22320326
105.0 -1655.91894028
107.0 -1662.24994737
108.0 -1668.6327839
109.0 -1668.9549395
110.0 -1681.17367917
111.0 -1721.44144689
113.0 -1725.1308377
117.0 -1757.3234546
119.0 -1799.08456458

0.0 -0.0
1.0 -98.7610550736
2.0 -173.434814033
3.0 -241.381291947
4.0 -271.778868245
5.0 -339.725346159
6.0 -386.268842381
7.0 -431.647620025
8.0 -478.191116247
9.0 -517.780761407
10.0 -564.324257629
11.0 -577.873024538
12.0 -600.462373466
13.0 -628.513540336
14.0 -660.554636597
16.0 -706.131026688
17.0 -752.67452291
18.0 -769.595377718
21.0 -836.873134979
22.0 -844.676924177
23.0 -861.597778986
24.0 -901.062417687
25.0 -918.916157416
26.0 -935.837012224
29.0 -956.181276499
31.0 -991.897441679
32.0 -998.28027821
34.0 -1009.03855235
35.0 -1025.95940715
36.0 -1059.25209582
37.0 -1065.63493235
41.0 -1106.42266338
44.0 -1113.4680389
47.0 -1142.65432951
48.0 -1150.73315799
49.0 -1159.04638015
50.0 -1216.89356275
52.0 -1224.27782227
53.0 -1248.24410252
54.0 -1257.09540603
55.0 -1308.89596402
56.0 -1315.27880055
61.0 -1330.30887746
63.0 -1378.10786145
64.0 -1397.58663472
76.0 -1402.29413535

0.0 -0.0
1.0 -98.7610550736
2.0 -173.434814033
3.0 -241.381291947
4.0 -271.778868245
5.0 -339.725346159
6.0 -363.701142112
7.0 -431.647620025
8.0 -449.834283493
9.0 -517.780761407
10.0 -564.324257629
11.0 -599.27600623
12.0 -645.819502452
13.0 -656.444143941
14.0 -687.580612436
15.0 -737.939388764
17.0 -779.700498749
19.0 -784.587478904
20.0 -844.501457734
23.0 -860.69315122
24.0 -876.589880172
25.0 -893.51073498
27.0 -937.481704956
29.0 -970.299288716
31.0 -1010.72941742
32.0 -1017.11225395
34.0 -1025.05183117
36.0 -1061.0122573
38.0 -1095.26728582
40.0 -1099.42008812
41.0 -1158.01912377
46.0 -1250.02152504
55.0 -1306.43000275
59.0 -1357.93553241
62.0 -1370.64937603
64.0 -1403.51387365
66.0 -1409.39843614
68.0 -1442.2160199
73.0 -1444.993962
77.0 -1496.49949166
79.0 -1511.26908543
86.0 -1527.18072783
87.0 -1580.48098285
91.0 -1619.18312909
96.0 -1662.78148184
117.0 -1699.47577365
121.0 -1736.74089274
125.0 -1768.68767108
128.0 -1774.28575171

0.0 -0.0
1.0 -98.7610550736
2.0 -173.434814033
3.0 -241.381291947
4.0 -287.924788169
5.0 -339.725346159
6.0 -386.268842381
7.0 -431.647620025
8.0 -478.191116247
9.0 -517.780761407
10.0 -564.324257629
11.0 -599.27600623
12.0 -645.819502452
13.0 -647.005869688
14.0 -678.637086212
15.0 -728.501114511
17.0 -770.262224495
18.0 -812.178622003
20.0 -832.912883042
21.0 -879.456379264
23.0 -904.18102327
26.0 -971.458780532
28.0 -971.535677413
29.0 -984.172624155
30.0 -1027.63467873
31.0 -1034.48068596
34.0 -1070.82186429
35.0 -1094.98933288
38.0 -1173.33819623
43.0 -1194.35241663
44.0 -1194.75110966
45.0 -1196.26810967
46.0 -1269.57908073
51.0 -1332.60098616
55.0 -1342.89962132
57.0 -1350.83919854
61.0 -1352.33370591
63.0 -1412.11151875
64.0 -1422.68194253
66.0 -1464.44305251
68.0 -1497.26063627
69.0 -1516.73940954
70.0 -1521.22728288
72.0 -1535.96278252
75.0 -1553.13372321
77.0 -1594.34450718
78.0 -1613.82328045
81.0 -1624.65345321
84.0 -1650.21759412
86.0 -1683.03517788
92.0 -1706.76021658
102.0 -1737.09701742
104.0 -1756.69857206
105.0 -1763.08140859
108.0 -1772.97902513
114.0 -1773.00034646
116.0 -1777.57234902
119.0 -1790.89669548
120.0 -1832.6991564
121.0 -1900.64563431

0.0 -0.0
1.0 -98.7610550736
2.0 -173.434814033
3.0 -241.381291947
4.0 -287.924788169
5.0 -339.725346159
6.0 -386.268842381
7.0 -431.647620025
8.0 -478.191116247
9.0 -517.780761407
10.0 -564.324257629
11.0 -570.70709416
12.0 -609.900647719
13.0 -656.444143941
14.0 -691.395892542
15.0 -737.939388764
16.0 -739.125756
17.0 -765.635125781
18.0 -812.178622003
20.0 -829.941790032
21.0 -845.076148693
22.0 -890.077847824
23.0 -904.18102327
24.0 -912.353905954
26.0 -921.674695162
27.0 -938.595549971
28.0 -1003.16993999
29.0 -1004.35630722
30.0 -1021.27716203
32.0 -1059.34583819
33.0 -1076.266693
35.0 -1084.93938235
36.0 -1098.04798443
37.0 -1126.70049233
38.0 -1169.97708928
42.0 -1206.39721531
43.0 -1232.99899471
46.0 -1235.4874028
48.0 -1277.24851279
52.0 -1295.98952677
54.0 -1315.88690162
55.0 -1364.90402319
60.0 -1432.25867733
66.0 -1450.41888569
71.0 -1455.84731998
72.0 -1461.17776507
73.0 -1488.66490374
80.0 -1538.14781897

0.0 -0.0
1.0 -98.7610550736
2.0 -173.434814033
3.0 -241.381291947
4.0 -287.924788169
5.0 -339.725346159
6.0 -386.268842381
7.0 -431.647620025
8.0 -449.834283493
9.0 -513.142864849
10.0 -559.686361071
11.0 -570.31100256
12.0 -609.900647719
13.0 -614.011140375
14.0 -660.554636597
15.0 -687.94436322
16.0 -709.645730391
17.0 -774.077504601
18.0 -776.248969427
19.0 -815.838614586
20.0 -841.355261863
22.0 -866.079905869
23.0 -912.623402091
24.0 -919.006238623
25.0 -954.384512075
26.0 -979.901159352
27.0 -987.202095836
29.0 -999.917608523
30.0 -1036.07705755
32.0 -1040.64906011
34.0 -1091.92000979
35.0 -1108.20591748
37.0 -1121.62147875
40.0 -1159.12469222
43.0 -1188.82616117
44.0 -1189.66847439
46.0 -1248.01097868
47.0 -1263.90770763
48.0 -1280.82856244
51.0 -1301.17282672
52.0 -1318.09368152
57.0 -1363.12906143
58.0 -1369.51189796
61.0 -1383.39057209
62.0 -1429.93406831
63.0 -1436.86655211
67.0 -1466.59576887
70.0 -1472.39275043
72.0 -1505.21033419
76.0 -1561.38623239
81.0 -1582.72078218
86.0 -1645.74268761
87.0 -1649.9254646

0.0 -0.0
1.0 -98.7610550736
2.0 -173.434814033
3.0 -241.381291947
4.0 -287.924788169
5.0 -339.725346159
6.0 -386.268842381
7.0 -431.647620025
8.0 -478.191116247
9.0 -517.780761407
10.0 -564.324257629
11.0 -599.27600623
12.0 -645.819502452
13.0 -656.444143941
14.0 -673.515239468
15.0 -737.939388764
17.0 -745.947241864
18.0 -812.178622003
20.0 -820.186475102
22.0 -854.986109109
23.0 -887.975654966
25.0 -954.384512075
27.0 -962.554348711
28.0 -979.978056234
30.0 -1021.73916622
32.0 -1054.55674998
33.0 -1095.97839946
35.0 -1121.60399254
38.0 -1147.19753669
39.0 -1163.18308188
40.0 -1188.95864668
43.0 -1253.14792939
46.0 -1266.19277406
48.0 -1269.35814549
49.0 -1291.78631822
50.0 -1314.54078411
51.0 -1333.5474282
54.0 -1336.56282792
61.0 -1340.61384031
62.0 -1352.51676245
65.0 -1358.11484308
66.0 -1403.63574574
68.0 -1418.05053396
69.0 -1442.89078914
70.0 -1459.81164395
75.0 -1465.97190952
78.0 -1531.9491117
80.0 -1544.27845101
84.0 -1600.45434921
85.0 -1675.12810817

0.0 -0.0
1.0 -98.7610550736
2.0 -173.434814033
3.0 -219.978310255
4.0 -271.778868245
5.0 -318.322364467
6.0 -356.973861066
7.0 -399.81760929
8.0 -443.107002447
9.0 -456.655769356
10.0 -524.60224727
11.0 -530.985083802
12.0 -577.332147556
13.0 -616.722133583
14.0 -663.465288938
15.0 -664.651656174
16.0 -706.131026688
17.0 -774.077504601
18.0 -820.621000823
20.0 -848.31673784
22.0 -852.888740392
23.0 -915.594495101
25.0 -930.269188577
27.0 -951.20816679
28.0 -1004.50842182
30.0 -1018.48592405
32.0 -1043.21056806
35.0 -1082.45641991
36.0 -1088.83925644
37.0 -1112.4147617
40.0 -1133.67555715
42.0 -1175.43666713
45.0 -1201.03021129
46.0 -1214.13881338
48.0 -1246.95639714
50.0 -1293.03261256
54.0 -1319.26325111
56.0 -1323.83525366
59.0 -1337.15960013
60.0 -1368.29033082
61.0 -1375.13633805
63.0 -1407.95392181
64.0 -1424.87477662
65.0 -1431.31223625
67.0 -1445.21904089
68.0 -1447.06299474
69.0 -1455.53583686
71.0 -1488.35342062
72.0 -1505.27427543
75.0 -1525.61853971
76.0 -1543.97642167
77.0 -1555.55810305
84.0 -1555.92378811

0.0 -0.0
1.0 -98.7610550736
2.0 -173.434814033
3.0 -241.381291947
4.0 -287.924788169
5.0 -339.725346159
6.0 -386.268842381
7.0 -431.647620025
8.0 -478.191116247
9.0 -517.780761407
10.0 -534.701616215
11.0 -577.873024538
12.0 -609.900647719
13.0 -651.806247383
14.0 -691.395892542
15.0 -710.00878516
16.0 -733.157002527
17.0 -779.700498749
19.0 -783.273287352
20.0 -843.889781457
21.0 -850.272617988
23.0 -856.60362508
24.0 -895.395311118
25.0 -935.952623394
27.0 -945.273412602
28.0 -1013.21989052
30.0 -1027.95502466
34.0 -1065.22014374
35.0 -1133.16662166
37.0 -1138.01772432
39.0 -1158.75198536
40.0 -1205.29548158
42.0 -1238.11306534
44.0 -1243.99762783
45.0 -1272.65013573
51.0 -1336.97787505
70.0 -1365.02729782
71.0 -1381.94815263
77.0 -1388.52301944

0.0 -0.0
1.0 -98.7610550736
2.0 -173.434814033
3.0 -241.381291947
4.0 -287.924788169
5.0 -339.725346159
6.0 -386.268842381
7.0 -425.85848754
8.0 -472.401983762
9.0 -517.780761407
10.0 -534.701616215
11.0 -555.083595821
12.0 -600.462373466
13.0 -617.383228274
14.0 -663.926724496
15.0 -664.124336942
17.0 -756.046610809
18.0 -756.771542486
19.0 -773.692397294
20.0 -820.235893516
24.0 -857.5010126
28.0 -859.937185354
29.0 -910.728688913
31.0 -927.055568891
32.0 -985.89509231
36.0 -998.554076094
39.0 -1094.19629102
42.0 -1149.10577035
45.0 -1223.34500359
50.0 -1286.36690902
62.0 -1315.34371972
65.0 -1320.94180036
66.0 -1395.61555932
73.0 -1424.10394552
75.0 -1456.92152928
80.0 -1470.48849813
82.0 -1489.40083609
84.0 -1489.58517829
86.0 -1494.15718084
89.0 -1519.08434947
95.0 -1586.28903189

0.0 -0.0
1.0 -98.7610550736
2.0 -173.434814033
3.0 -241.381291947
4.0 -271.778868245
5.0 -318.322364467
6.0 -363.701142112
7.0 -410.244638334
8.0 -449.834283493
9.0 -507.353732363
10.0 -531.329528316
11.0 -577.873024538
12.0 -599.473618675
14.0 -669.992910851
15.0 -737.939388764
17.0 -765.635125781
19.0 -773.408783949
20.0 -826.913756148
21.0 -828.430756158
22.0 -844.32748511
23.0 -894.191513409
26.0 -920.433157426
28.0 -955.135927182
30.0 -1000.71231727
31.0 -1047.2558135
35.0 -1103.4317117
36.0 -1120.35256651
41.0 -1158.68709098
42.0 -1164.82456642
43.0 -1179.42135202
44.0 -1225.96484824
45.0 -1239.06379966
48.0 -1282.14074645
50.0 -1314.95833021
54.0 -1318.02275416
56.0 -1350.84033792
58.0 -1358.78305005
61.0 -1364.38113069
62.0 -1381.3019855
67.0 -1388.10616939
72.0 -1397.36357459
74.0 -1403.84413727
76.0 -1466.86829913
77.0 -1469.49243451
79.0 -1531.05758184
81.0 -1534.22295327
83.0 -1538.32657696
85.0 -1542.89857951
86.0 -1602.98423853
87.0 -1610.80328123
90.0 -1631.30682418
92.0 -1635.87882673
94.0 -1672.19613596
95.0 -1700.06810944
97.0 -1708.00768666
98.0 -1724.92854147
104.0 -1730.37335785
108.0 -1778.90421374
113.0 -1785.06447932
114.0 -1795.98334064
116.0 -1859.30371256
123.0 -1878.28383963

0.0 -0.0
1.0 -98.7610550736
2.0 -173.434814033
3.0 -241.381291947
4.0 -287.924788169
5.0 -339.725346159
6.0 -386.268842381
7.0 -431.647620025
8.0 -449.834283493
9.0 -517.780761407
10.0 -524.163597938
11.0 -599.27600623
12.0 -609.900647719
13.0 -623.449414629
14.0 -691.395892542
15.0 -697.778729074
16.0 -706.131026688
17.0 -774.077504601
18.0 -780.460341133
20.0 -848.31673784
21.0 -854.699574371
23.0 -915.594495101
24.0 -921.977331633
26.0 -928.308338725
28.0 -987.723355027
29.0 -989.331985775
32.0 -1040.53167856
33.0 -1056.48464029
37.0 -1073.04645106
39.0 -1105.86403482
42.0 -1146.67336441
48.0 -1171.16092539
49.0 -1212.38730844
51.0 -1235.36403511
55.0 -1240.29126338
56.0 -1286.8347596
58.0 -1296.75688984
59.0 -1296.8527548
60.0 -1307.64591752
62.0 -1316.48332981
63.0 -1353.02865301
66.0 -1377.15638865
69.0 -1381.37351671
70.0 -1414.42150773
71.0 -1468.70757421
80.0 -1487.3093365
81.0 -1534.317557
84.0 -1547.03140063
86.0 -1566.8323295
90.0 -1623.0082277
95.0 -1686.03013313
101.0 -1723.10322867

0.0 -0.0
1.0 -98.7610550736
2.0 -173.434814033
3.0 -219.978310255
4.0 -287.924788169
5.0 -318.322364467
6.0 -386.268842381
7.0 -410.244638334
8.0 -467.764087204
9.0 -496.377779715
10.0 -553.897228585
11.0 -577.873024538
12.0 -609.900647719
13.0 -656.444143941
14.0 -673.364998749
15.0 -737.939388764
16.0 -754.860243573
18.0 -812.178622003
19.0 -829.099476811
20.0 -853.939731987
21.0 -870.860586795
22.0 -911.78108887
23.0 -921.217489248
24.0 -938.138344057
27.0 -950.85218768
28.0 -974.558470084
29.0 -1001.16024949
32.0 -1017.47054841
35.0 -1067.53871731
36.0 -1073.64644661
37.0 -1096.81994839
38.0 -1143.36344461
43.0 -1205.92217934
47.0 -1227.38939883
49.0 -1241.80418705
56.0 -1254.61556385
57.0 -1301.35331268
59.0 -1314.69201582
61.0 -1346.81221773
62.0 -1393.35571395
64.0 -1426.17329771
67.0 -1431.77137834
68.0 -1506.4451373
76.0 -1537.40640511
78.0 -1573.69637597
80.0 -1594.430637
81.0 -1640.97413323
91.0 -1655.82687132

0.0 -0.0
1.0 -98.7610550736
2.0 -173.434814033
3.0 -241.381291947
4.0 -287.924788169
5.0 -339.725346159
6.0 -386.268842381
7.0 -431.647620025
8.0 -478.191116247
9.0 -484.573952779
10.0 -523.767506338
11.0 -571.145743492
12.0 -605.262751161
13.0 -651.806247383
14.0 -663.265629805
15.0 -737.939388764
17.0 -745.947241864
19.0 -787.708351848
20.0 -813.224999125
21.0 -820.525935608
22.0 -851.829358674
23.0 -892.749860749
25.0 -934.510970733
26.0 -1003.89910131
28.0 -1008.75020397
31.0 -1076.02796123
34.0 -1088.74180486
35.0 -1094.76897522
37.0 -1111.90996894
39.0 -1115.72925307
41.0 -1150.37812856
43.0 -1175.10277257
44.0 -1177.06947421
46.0 -1242.38052983
49.0 -1255.09437345
55.0 -1331.07120053

0.0 -0.0
1.0 -98.7610550736
2.0 -173.434814033
3.0 -241.381291947
4.0 -271.778868245
5.0 -333.303565814
6.0 -374.05792955
7.0 -419.436707195
8.0 -465.980203417
9.0 -500.931952018
10.0 -511.556593508
11.0 -558.10008973
12.0 -593.051838331
13.0 -639.595334553
14.0 -640.781701789
15.0 -675.73345039
16.0 -713.834567791
18.0 -715.451815896
19.0 -783.39829381
21.0 -798.133427955
22.0 -844.676924177
24.0 -865.411185217
26.0 -907.172295201
28.0 -931.863085469
30.0 -982.219987922
31.0 -999.14084273
32.0 -1005.52367926
36.0 -1030.55206811
38.0 -1072.3131781
40.0 -1078.80143535
41.0 -1097.90672226
43.0 -1161.99105405
47.0 -1199.25617313
51.0 -1215.73458234
55.0 -1265.20392141
56.0 -1363.96497649
68.0 -1398.06475479
74.0 -1433.9467625
76.0 -1435.28557017
78.0 -1485.45229216
85.0 -1500.58246074
86.0 -1506.96529727
87.0 -1530.54080253
88.0 -1535.60742313
91.0 -1536.46446845
92.0 -1593.56270796
98.0 -1629.44471567
110.0 -1632.37969965
114.0 -1651.65829321
119.0 -1714.68019864
128.0 -1734.81691016

0.0 -0.0
1.0 -98.7610550736
2.0 -173.434814033
3.0 -241.381291947
4.0 -287.924788169
5.0 -339.725346159
6.0 -386.268842381
7.0 -431.647620025
8.0 -448.568474834
9.0 -513.142864849
10.0 -530.063719657
11.0 -570.31100256
12.0 -577.332147556
13.0 -606.449118397
14.0 -652.992614619
15.0 -660.329595592
16.0 -680.688351636
17.0 -720.27037188
18.0 -759.86001704
19.0 -806.403513262
21.0 -834.099250278
23.0 -851.862418307
24.0 -898.405914529
26.0 -899.383760484
28.0 -927.0794975
29.0 -973.622993722
31.0 -991.386161751
33.0 -1019.08189877
34.0 -1065.62539499
36.0 -1147.12063981
38.0 -1179.93822357
43.0 -1189.25978458
45.0 -1222.07736834
47.0 -1303.57261316
50.0 -1311.55916486
51.0 -1317.94200139
55.0 -1374.58107029
56.0 -1380.96390683
58.0 -1438.770353
59.0 -1445.15318953
62.0 -1451.04660967
65.0 -1452.90385295
68.0 -1457.93031775
70.0 -1520.2585071
77.0 -1523.22720832
79.0 -1550.5637555
80.0 -1585.86848989
86.0 -1611.91787901

0.0 -0.0
1.0 -98.7610550736
2.0 -173.434814033
3.0 -241.381291947
4.0 -271.778868245
5.0 -339.725346159
6.0 -363.701142112
7.0 -425.85848754
8.0 -449.834283493
9.0 -517.780761407
10.0 -531.329528316
11.0 -599.27600623
12.0 -609.900647719
13.0 -623.449414629
14.0 -691.395892542
15.0 -697.778729074
17.0 -774.077504601
18.0 -780.460341133
19.0 -800.434759788
20.0 -848.31673784
21.0 -858.276116671
23.0 -915.594495101
25.0 -940.319139108
26.0 -950.920663517
27.0 -957.303500048
28.0 -1007.59689637
29.0 -1013.9797329
31.0 -1042.92306478
32.0 -1078.16901561
34.0 -1081.33438704
35.0 -1117.82793273
36.0 -1139.14083322
37.0 -1145.52366975
40.0 -1180.84983817
41.0 -1197.77069297
42.0 -1203.20168554
45.0 -1225.92316857
46.0 -1259.37758374
47.0 -1269.51338579
49.0 -1296.18193276
51.0 -1304.21749685
52.0 -1345.97499443
53.0 -1352.35783096
56.0 -1366.5972567
58.0 -1393.26580367
60.0 -1404.19663154
62.0 -1439.36685429
63.0 -1456.2877091
65.0 -1479.64602354
67.0 -1512.4636073
69.0 -1516.06614957
70.0 -1525.17745092
72.0 -1549.14641282
73.0 -1555.52924935
76.0 -1577.76049787
77.0 -1580.48426033
78.0 -1598.36664856
79.0 -1613.41269996
80.0 -1619.7955365
82.0 -1652.61312026
84.0 -1665.57133099
89.0 -1696.48112289

0.0 -0.0
1.0 -98.7610550736
2.0 -173.434814033
3.0 -241.381291947
4.0 -287.924788169
5.0 -339.725346159
6.0 -386.268842381
7.0 -431.647620025
8.0 -472.401983762
9.0 -517.780761407
10.0 -564.324257629
11.0 -581.245112437
12.0 -609.900647719
13.0 -656.444143941
14.0 -691.395892542
15.0 -737.939388764
17.0 -742.511391317
18.0 -805.217146026
19.0 -813.364989239
20.0 -841.355261863
21.0 -894.860234062
23.0 -915.594495101
24.0 -962.137991323
26.0 -986.86263533
28.0 -1007.59689637
29.0 -1054.14039259
32.0 -1118.3296753
34.0 -1151.14725906
36.0 -1154.74980133
40.0 -1210.92569953
47.0 -1239.91493419
49.0 -1244.48693675
50.0 -1256.85628695
52.0 -1275.0319269
53.0 -1275.7969419
54.0 -1308.36181661
55.0 -1328.98514688
60.0 -1344.24382432
61.0 -1361.16467913
62.0 -1386.00493431
63.0 -1408.43310703
64.0 -1425.35396184

