0.0 -0.0
1.0 -98.7610550736
2.0 -173.434814033
3.0 -197.105109285
4.0 -271.778868245
5.0 -333.303565814
6.0 -363.701142112
7.0 -431.647620025
8.0 -449.834283493
9.0 -517.780761407
10.0 -547.47544824
11.0 -559.883973516
12.0 -609.900647719
13.0 -646.017114897
14.0 -691.395892542
15.0 -737.939388764
17.0 -765.635125781
18.0 -812.178622003
19.0 -829.099476811
20.0 -835.482313343
21.0 -879.456379264
22.0 -896.377234072
23.0 -912.273963024
24.0 -943.645661972
25.0 -960.56651678
26.0 -979.783777809
28.0 -999.821560174
29.0 -1035.64806324
30.0 -1035.95967601
31.0 -1082.50317223
33.0 -1110.22675698
37.0 -1116.04756205
38.0 -1132.96841686
39.0 -1148.86514581
40.0 -1165.54951791
41.0 -1167.55309172
42.0 -1170.12152046
43.0 -1187.04237527
46.0 -1226.29741866
48.0 -1246.48673258
49.0 -1267.11006284
52.0 -1296.61600616
53.0 -1318.6155925
54.0 -1335.53644731
57.0 -1363.56285838
59.0 -1396.38044214
61.0 -1427.44496421
63.0 -1432.80056816
64.0 -1439.18340469
65.0 -1443.82974519
66.0 -1445.06796718
67.0 -1471.50271441
68.0 -1477.88555094
71.0 -1502.09090139
72.0 -1521.49123886
74.0 -1532.89556913
75.0 -1562.85877833
77.0 -1574.96942184
84.0 -1607.38144178
86.0 -1607.57881495
87.0 -1613.96165148
88.0 -1660.5051477
92.0 -1661.83705365
94.0 -1684.2301864
95.0 -1694.3611503
96.0 -1700.20643954
100.0 -1701.53834549
102.0 -1731.89712867
106.0 -1737.4203532
107.0 -1746.10097502
108.0 -1749.91438125
109.0 -1766.83523606
110.0 -1813.37873228
126.0 -1821.85481211
127.0 -1889.80129002
139.0 -1890.83499579
140.0 -1907.7558506
143.0 -1928.10011488
144.0 -2026.86116995

0.0 -0.0
1.0 -98.7610550736
2.0 -173.434814033
3.0 -241.381291947
4.0 -287.924788169
5.0 -339.725346159
6.0 -386.268842381
7.0 -431.647620025
8.0 -478.191116247
9.0 -517.780761407
10.0 -564.324257629
11.0 -577.873024538
12.0 -645.819502452
13.0 -656.444143941
14.0 -660.554636597
15.0 -737.939388764
16.0 -739.125756
17.0 -761.318698271
18.0 -820.621000823
20.0 -835.557931509
21.0 -894.860234062
22.0 -911.78108887
25.0 -932.125353145
26.0 -966.989093988
27.0 -972.645147768
28.0 -989.566002576
30.0 -991.944104969
31.0 -1008.86495978
32.0 -1044.77400769
34.0 -1065.62539499
35.0 -1072.00823152
36.0 -1107.38650497
38.0 -1121.80129319
40.0 -1139.36288566
42.0 -1174.5911874
44.0 -1184.33560708
45.0 -1200.18473156
46.0 -1315.62976724
52.0 -1348.52435544
53.0 -1365.44521025
54.0 -1406.33080161
55.0 -1412.71363815
61.0 -1415.02934768
62.0 -1421.41218421
63.0 -1424.77376735
64.0 -1436.29014312
65.0 -1452.29446676
66.0 -1457.83231024
69.0 -1460.65577506
72.0 -1473.36961869
73.0 -1497.92089415
74.0 -1506.18720245
75.0 -1527.86045749
79.0 -1564.28058352
82.0 -1572.59097249
87.0 -1622.87480011

0.0 -0.0
1.0 -98.7610550736
2.0 -173.434814033
3.0 -241.381291947
4.0 -271.778868245
5.0 -339.725346159
6.0 -363.701142112
7.0 -431.647620025
8.0 -445.196386935
9.0 -513.142864849
10.0 -523.767506338
11.0 -545.960448609
12.0 -609.900647719
13.0 -656.444143941
15.0 -692.582259778
16.0 -739.125756
17.0 -774.077504601
18.0 -780.886865985
20.0 -841.355261863
21.0 -847.738098394
22.0 -874.172845623
23.0 -905.544544571
24.0 -921.977331633
25.0 -938.362128331
27.0 -966.17524689
28.0 -1007.59689637
30.0 -1012.44799903
32.0 -1013.42584499
33.0 -1079.72575629
34.0 -1096.6466111
36.0 -1143.915039
38.0 -1176.73262276
40.0 -1180.33516503
41.0 -1189.62685832
42.0 -1236.17035455
43.0 -1236.89528622
45.0 -1258.4424741
46.0 -1258.96398774
47.0 -1276.17465422
48.0 -1319.85890847
51.0 -1324.82094191
52.0 -1351.42272132
55.0 -1392.79960831
56.0 -1400.25840729
57.0 -1413.65099561
58.0 -1429.60395733
59.0 -1438.48996725
60.0 -1444.01874555
62.0 -1485.77985553
66.0 -1531.47021447
68.0 -1531.54711136
71.0 -1533.40435464
72.0 -1538.46241506
73.0 -1577.25410109
74.0 -1600.6821119
76.0 -1636.01000965
79.0 -1648.72385328
81.0 -1681.54143704
84.0 -1686.50347048
86.0 -1710.116708
87.0 -1717.9357507
89.0 -1723.70842437
90.0 -1761.62223766
93.0 -1771.25463964
96.0 -1831.20889303
99.0 -1843.92273666
107.0 -1856.10537732
108.0 -1873.02623212
113.0 -1881.48482949
114.0 -1908.08660889
115.0 -1925.31727474
118.0 -1944.50673492
122.0 -1981.771854
126.0 -1984.20802676

0.0 -0.0
1.0 -98.7610550736
2.0 -173.434814033
3.0 -241.381291947
4.0 -271.778868245
5.0 -339.725346159
6.0 -363.701142112
7.0 -431.647620025
8.0 -449.834283493
9.0 -513.142864849
10.0 -531.329528316
11.0 -599.27600623
12.0 -605.262751161
13.0 -651.806247383
14.0 -691.395892542
15.0 -708.316747351
16.0 -733.157002527
17.0 -774.077504601
18.0 -820.621000823
19.0 -827.003837355
20.0 -848.31673784
21.0 -894.860234062
23.0 -912.623402091
24.0 -959.04951677
26.0 -986.86263533
27.0 -1026.32727403
28.0 -1028.62374531
29.0 -1054.14039259
30.0 -1071.0612474
31.0 -1071.78617908
32.0 -1118.3296753
33.0 -1135.25053011
35.0 -1143.19010732
37.0 -1190.45853522
38.0 -1207.37939003
39.0 -1211.30992252
40.0 -1228.23077733
42.0 -1261.04836109
44.0 -1283.43878245
45.0 -1300.35963725
47.0 -1303.52500869
48.0 -1334.94431211
49.0 -1351.86516692
52.0 -1369.8579271
56.0 -1388.59894109
57.0 -1421.07706434
58.0 -1445.91731952
59.0 -1462.83817433
60.0 -1475.92677589
63.0 -1476.71228885
64.0 -1513.19189498
67.0 -1528.21781851
68.0 -1545.13867332
72.0 -1582.4037924
73.0 -1595.48971904
75.0 -1628.3073028
77.0 -1633.82934401
78.0 -1658.51162447
83.0 -1668.52818155
85.0 -1668.60507843
88.0 -1735.88283569
91.0 -1741.48091633
94.0 -1764.17162481
97.0 -1796.49093452
98.0 -1815.67715448
116.0 -1829.99825651
120.0 -1867.26337559
126.0 -1895.6082393

0.0 -0.0
1.0 -98.7610550736
2.0 -173.434814033
3.0 -241.381291947
4.0 -287.924788169
5.0 -339.725346159
6.0 -386.268842381
7.0 -431.647620025
8.0 -478.191116247
9.0 -517.780761407
10.0 -564.324257629
11.0 -564.521870074
12.0 -606.085367613
13.0 -647.005869688
14.0 -653.499695452
15.0 -670.274650321
16.0 -721.245102926
17.0 -727.73892869
18.0 -752.95626238
19.0 -778.095831143
20.0 -826.913756148
21.0 -887.898758085
23.0 -894.191513409
24.0 -962.137991323
28.0 -1018.31388953
30.0 -1024.86655011
31.0 -1082.50317223
33.0 -1092.14430737
35.0 -1124.14679717
36.0 -1174.5055735
40.0 -1185.12455459
41.0 -1191.3514796
42.0 -1215.77869696
44.0 -1241.30045279
45.0 -1252.47920873
46.0 -1258.86204527
47.0 -1268.8301865
48.0 -1292.80598246
49.0 -1308.65510694
51.0 -1313.83046095
53.0 -1363.68870678
55.0 -1364.66655273
56.0 -1427.87798949
58.0 -1428.85583544
59.0 -1469.35270705
63.0 -1520.85823671
65.0 -1524.02360814
66.0 -1546.45178087
67.0 -1559.56038295
68.0 -1588.21289085
71.0 -1596.82550203
72.0 -1625.47800993
76.0 -1627.91418269
77.0 -1631.01118456
82.0 -1656.72051224
84.0 -1668.98576804
85.0 -1691.25758263
86.0 -1693.14063827
87.0 -1740.06357249
91.0 -1791.56910215
93.0 -1824.38668591
98.0 -1852.96195688
100.0 -1856.12732831
101.0 -1878.55550104
103.0 -1920.31661102
104.0 -1937.23746583

0.0 -0.0
1.0 -98.7610550736
2.0 -173.434814033
3.0 -241.381291947
4.0 -287.924788169
5.0 -339.725346159
6.0 -369.420032992
7.0 -421.220590982
8.0 -461.342306859
9.0 -513.142864849
10.0 -531.329528316
11.0 -553.462193172
12.0 -593.051838331
13.0 -616.722133583
14.0 -691.395892542
15.0 -692.582259778
16.0 -739.125756
17.0 -774.077504601
18.0 -780.460341133
20.0 -848.31673784
23.0 -915.594495101
26.0 -951.653515071
27.0 -954.296641343
28.0 -976.378159078
29.0 -993.299013886
30.0 -1067.97277285
32.0 -1109.73388283
34.0 -1124.14867105
36.0 -1147.96437373
40.0 -1160.59903733
41.0 -1164.35155132
42.0 -1180.24828027
43.0 -1197.16913508
44.0 -1211.03283667
45.0 -1220.7617008
46.0 -1236.65842975
47.0 -1253.57928456
49.0 -1258.15128711
50.0 -1273.07855577
51.0 -1292.2814308
53.0 -1319.58182262
54.0 -1346.18360203
55.0 -1363.10445683
56.0 -1378.26378741
58.0 -1382.60372805
59.0 -1406.34626549
61.0 -1439.16384925
66.0 -1492.50483008
70.0 -1504.46073982
71.0 -1521.38159462
72.0 -1539.56703161
74.0 -1540.88086584
75.0 -1558.93569342
76.0 -1582.64197583
77.0 -1657.31573479
84.0 -1663.78220392
86.0 -1667.88582761
87.0 -1693.6613924
91.0 -1728.04849107
92.0 -1743.94522002
93.0 -1760.86607483
96.0 -1800.12111822
97.0 -1817.04197303
100.0 -1837.38623731
101.0 -1841.26557364

0.0 -0.0
1.0 -98.7610550736
2.0 -173.434814033
3.0 -241.381291947
4.0 -287.924788169
5.0 -339.725346159
6.0 -386.268842381
7.0 -431.647620025
8.0 -478.191116247
9.0 -513.142864849
10.0 -559.686361071
11.0 -599.27600623
12.0 -605.262751161
13.0 -651.806247383
14.0 -691.395892542
16.0 -734.487859442
17.0 -774.077504601
19.0 -780.370259926
20.0 -848.31673784
21.0 -894.860234062
23.0 -915.594495101
24.0 -962.137991323
26.0 -1003.89910131
30.0 -1040.31922733
31.0 -1066.92100674
34.0 -1074.78829102
38.0 -1090.07764065
39.0 -1112.92563893
41.0 -1138.55123201
42.0 -1211.11972143
47.0 -1229.01607045
50.0 -1243.17100524
51.0 -1289.71450146
54.0 -1321.99631767
55.0 -1368.53981389
57.0 -1368.61671077
58.0 -1378.17221587
59.0 -1424.7157121
60.0 -1435.89446804
65.0 -1498.91637347
71.0 -1553.58631078
74.0 -1558.4252544
76.0 -1585.72307037
79.0 -1595.61039544
83.0 -1647.1159251
87.0 -1684.38104418
92.0 -1729.41642409

0.0 -0.0
1.0 -98.7610550736
2.0 -173.434814033
3.0 -241.381291947
4.0 -287.924788169
5.0 -339.725346159
6.0 -386.268842381
7.0 -431.647620025
8.0 -478.191116247
9.0 -517.780761407
10.0 -564.324257629
11.0 -577.873024538
12.0 -609.900647719
13.0 -656.444143941
14.0 -669.992910851
15.0 -737.939388764
16.0 -739.125756
17.0 -765.635125781
18.0 -820.621000823
20.0 -848.31673784
21.0 -894.860234062
23.0 -927.677817822
24.0 -962.137991323
25.0 -975.970371578
26.0 -1003.89910131
27.0 -1026.32727403
28.0 -1043.24812884
31.0 -1082.50317223
32.0 -1098.45613396
34.0 -1140.21724394
36.0 -1154.63203216
39.0 -1186.6621754
40.0 -1203.5830302
43.0 -1250.01206876
44.0 -1278.66457666
48.0 -1317.36672291
50.0 -1329.11387724
52.0 -1359.06407548
54.0 -1367.81602348
56.0 -1397.76622172
58.0 -1397.78172296
61.0 -1456.14794639
62.0 -1464.97090415
63.0 -1465.1363771
65.0 -1515.49327956
67.0 -1540.21792356
69.0 -1551.02599083
71.0 -1555.59799338
74.0 -1600.66371147
78.0 -1639.71666153
79.0 -1672.79257139
83.0 -1724.29810105
97.0 -1731.95972147
98.0 -1777.89404569
100.0 -1782.46604824
101.0 -1783.49212633
102.0 -1815.15916478
104.0 -1819.73116733
105.0 -1840.0195968
107.0 -1887.2880247
108.0 -1904.20887951
116.0 -1943.91017135

0.0 -0.0
1.0 -98.7610550736
2.0 -173.434814033
3.0 -241.381291947
4.0 -271.778868245
5.0 -339.725346159
6.0 -363.701142112
7.0 -431.647620025
8.0 -449.834283493
9.0 -517.780761407
10.0 -524.60224727
11.0 -541.954169806
12.0 -609.900647719
13.0 -656.444143941
15.0 -692.582259778
16.0 -739.125756
18.0 -820.621000823
19.0 -827.003837355
20.0 -838.266787309
21.0 -884.810283531
22.0 -891.193120063
23.0 -926.571393516
24.0 -959.04951677
27.0 -978.076923177
29.0 -992.491711395
30.0 -1045.35468044
32.0 -1059.76946866
34.0 -1101.53057864
37.0 -1106.74753517
38.0 -1127.2330686
40.0 -1175.69673704
49.0 -1185.56075586
52.0 -1249.75003856
57.0 -1260.99855825
58.0 -1282.64462676
59.0 -1293.90757672
60.0 -1300.29041325
61.0 -1346.83390947
64.0 -1409.30440551
67.0 -1433.43132016
68.0 -1439.81415669
72.0 -1478.51630294
74.0 -1483.08830549
78.0 -1500.44129375
83.0 -1502.76513842
86.0 -1517.86095498
87.0 -1540.0302575
91.0 -1554.97610235
93.0 -1558.14147378
95.0 -1615.94791996
96.0 -1622.33075649
99.0 -1670.89163738
103.0 -1683.44889404
105.0 -1712.01201043
107.0 -1720.71401312
108.0 -1753.19213638
112.0 -1764.30305305
113.0 -1781.22390786
117.0 -1818.48902694
121.0 -1874.66492515

0.0 -0.0
1.0 -98.7610550736
2.0 -173.434814033
3.0 -241.381291947
4.0 -287.924788169
5.0 -333.303565814
6.0 -386.268842381
7.0 -431.647620025
8.0 -478.191116247
9.0 -517.780761407
10.0 -564.324257629
11.0 -599.27600623
12.0 -645.819502452
13.0 -662.74035726
14.0 -673.364998749
15.0 -737.939388764
16.0 -754.860243573
17.0 -770.262224495
18.0 -820.621000823
19.0 -837.541855632
20.0 -853.438584584
21.0 -887.898758085
23.0 -920.716341845
25.0 -923.512429774
26.0 -976.812684799
28.0 -989.756727217
29.0 -1024.21690072
31.0 -1052.02976399
33.0 -1079.84288255
35.0 -1111.55404201
36.0 -1144.03216526
38.0 -1176.84974902
39.0 -1183.23258555
40.0 -1218.610859
44.0 -1236.62818949
46.0 -1269.44577325
47.0 -1297.69198307
49.0 -1305.73456493
50.0 -1320.95130291
52.0 -1369.820843
55.0 -1378.09148189
56.0 -1398.71481215
60.0 -1450.22034181
61.0 -1466.9047139
65.0 -1513.24224724
69.0 -1551.94439349
76.0 -1570.74454025
78.0 -1638.35304397
86.0 -1643.63236902
88.0 -1669.67865275
90.0 -1695.13789869
97.0 -1699.98390116
99.0 -1710.35774346
102.0 -1715.95582409
104.0 -1777.7123976
106.0 -1782.28440015

0.0 -0.0
1.0 -98.7610550736
2.0 -173.434814033
3.0 -241.381291947
4.0 -271.778868245
5.0 -339.725346159
6.0 -363.701142112
7.0 -431.647620025
8.0 -449.834283493
9.0 -517.780761407
10.0 -564.324257629
11.0 -599.27600623
12.0 -605.658842761
13.0 -632.09358999
14.0 -691.395892542
15.0 -697.778729074
16.0 -733.157002527
17.0 -756.196851527
18.0 -762.579688059
19.0 -794.435632894
20.0 -826.913756148
22.0 -847.648017187
24.0 -866.56449282
25.0 -918.916157416
26.0 -928.875536247
27.0 -960.6772674
28.0 -986.193914677
29.0 -1003.11476949
30.0 -1027.95502466
32.0 -1042.36981288
33.0 -1053.54856882
34.0 -1059.48317574
35.0 -1095.3096788
37.0 -1109.72446702
39.0 -1151.48557701
40.0 -1169.24338119
41.0 -1184.30316077
42.0 -1211.00449117
44.0 -1225.41927939
46.0 -1267.18038938
49.0 -1308.65510694
53.0 -1360.1606366
57.0 -1398.86278284
61.0 -1440.56013541
63.0 -1444.6637591
64.0 -1453.27397904
66.0 -1481.46810812
68.0 -1495.88289634
70.0 -1537.64400632
71.0 -1553.59696804
74.0 -1576.34615256
77.0 -1599.03686105
79.0 -1626.33467702
82.0 -1636.22200208
85.0 -1641.86949613
86.0 -1687.72753174
90.0 -1724.14765777
96.0 -1741.9644971
101.0 -1759.86084612
102.0 -1769.41528454
104.0 -1811.17639452
108.0 -1848.44151361
118.0 -1859.22050614
121.0 -1923.40978885

0.0 -0.0
1.0 -98.7610550736
2.0 -173.434814033
3.0 -241.381291947
4.0 -287.924788169
5.0 -339.725346159
6.0 -379.847062036
7.0 -431.647620025
8.0 -478.191116247
9.0 -513.142864849
10.0 -547.47544824
11.0 -577.873024538
12.0 -645.819502452
13.0 -656.444143941
14.0 -691.395892542
15.0 -737.939388764
16.0 -739.125756
17.0 -774.077504601
18.0 -820.621000823
19.0 -837.541855632
20.0 -862.382110808
21.0 -894.860234062
23.0 -936.621344046
24.0 -962.137991323
25.0 -962.477451829
26.0 -986.86263533
28.0 -1021.66226934
29.0 -1054.14039259
31.0 -1068.1652809
32.0 -1093.68192817
33.0 -1124.26428222
34.0 -1135.44303816
36.0 -1161.06863124
38.0 -1216.26668349
40.0 -1217.24452944
41.0 -1228.42328538
42.0 -1230.3210826
44.0 -1238.05568736
45.0 -1309.24693071
49.0 -1345.66705673
50.0 -1376.60158485
53.0 -1397.1725864
54.0 -1413.02171088
56.0 -1414.50063825
59.0 -1458.90208384
62.0 -1481.70532068
64.0 -1494.90013706
68.0 -1511.15167533
74.0 -1516.51473268
75.0 -1523.07415083
76.0 -1534.23119315
77.0 -1567.11864929
79.0 -1577.17847756
80.0 -1595.20301076
81.0 -1601.58584729
85.0 -1633.56381916
87.0 -1657.57797637
90.0 -1668.09083953
91.0 -1693.9981024
94.0 -1698.86070973
100.0 -1722.58574843
103.0 -1795.94458063

0.0 -0.0
1.0 -98.7610550736
2.0 -173.434814033
3.0 -241.381291947
4.0 -287.924788169
5.0 -339.725346159
6.0 -386.268842381
7.0 -431.647620025
8.0 -478.191116247
9.0 -517.780761407
10.0 -564.324257629
11.0 -599.27600623
12.0 -609.900647719
13.0 -656.444143941
14.0 -691.395892542
15.0 -737.939388764
16.0 -754.860243573
17.0 -779.700498749
18.0 -820.621000823
20.0 -862.382110808
21.0 -887.898758085
23.0 -929.659868069
24.0 -962.137991323
26.0 -1003.89910131
28.0 -1021.66226934
29.0 -1028.04510587
31.0 -1095.90150258
34.0 -1101.49958321
35.0 -1123.5700316
36.0 -1134.31716697
39.0 -1174.00383094
40.0 -1190.92468575
41.0 -1197.77069297
43.0 -1239.53180296
44.0 -1247.56375465
45.0 -1253.94659118
47.0 -1295.70770116
50.0 -1313.4454606
51.0 -1321.1512736
53.0 -1337.47408362
54.0 -1384.01757984
59.0 -1402.1361313
60.0 -1408.51896783
62.0 -1455.78739573
63.0 -1472.70825054
69.0 -1539.91293296
72.0 -1545.5110136

0.0 -0.0
1.0 -98.7610550736
2.0 -173.434814033
3.0 -241.381291947
4.0 -287.924788169
5.0 -339.725346159
6.0 -386.268842381
7.0 -425.85848754
8.0 -449.834283493
9.0 -507.353732363
10.0 -531.329528316
11.0 -599.27600623
12.0 -609.900647719
13.0 -623.449414629
14.0 -691.395892542
15.0 -708.316747351
16.0 -724.213476302
17.0 -774.077504601
18.0 -790.99835941
19.0 -806.895088362
20.0 -848.31673784
21.0 -865.237592648
22.0 -881.1343216
23.0 -898.055176408
24.0 -929.426875356
25.0 -940.319139108
26.0 -957.239993916
27.0 -1011.87642989
31.0 -1057.33533494
32.0 -1103.87883116
36.0 -1129.58132112
37.0 -1166.90073659
41.0 -1172.26715742
42.0 -1184.47344824
43.0 -1192.00361731
44.0 -1228.82727862
45.0 -1250.72302771
48.0 -1280.33280828
49.0 -1296.18193276
50.0 -1342.72542898
54.0 -1355.07855344
55.0 -1405.74733441
57.0 -1422.3563107
59.0 -1427.20741336
63.0 -1486.14683323
70.0 -1536.74947136
78.0 -1617.14897017
84.0 -1640.87400887
87.0 -1656.11304405
88.0 -1662.95905128
94.0 -1698.84105899
102.0 -1768.05295641
107.0 -1778.9342006
108.0 -1782.218157
109.0 -1783.50620316
110.0 -1815.03574076
111.0 -1819.02250602
115.0 -1819.38821087
116.0 -1876.01807151
118.0 -1883.57749357
123.0 -1885.50093342
124.0 -1916.47208177
127.0 -1929.1859254
130.0 -1938.39707259
133.0 -1951.11091621

0.0 -0.0
1.0 -98.7610550736
2.0 -173.434814033
3.0 -241.381291947
4.0 -287.924788169
5.0 -339.725346159
6.0 -386.268842381
7.0 -431.647620025
8.0 -478.191116247
9.0 -500.931952018
10.0 -559.686361071
11.0 -577.873024538
13.0 -633.925594309
14.0 -660.554636597
15.0 -720.05873569
16.0 -736.979590498
17.0 -737.504863043
18.0 -802.740347749
19.0 -829.099476811
21.0 -870.01810501
22.0 -911.78108887
24.0 -934.207387718
25.0 -979.058846131
27.0 -1020.81995612
32.0 -1072.03909335
34.0 -1104.85667711
39.0 -1140.69298381
42.0 -1207.97074108
45.0 -1220.6845847
46.0 -1246.67288732
49.0 -1259.38673094
51.0 -1305.05461198
53.0 -1309.62661454
54.0 -1318.24187924
55.0 -1335.36355801
58.0 -1348.07740164
60.0 -1393.74528268
62.0 -1401.5124737
64.0 -1412.48629666
66.0 -1418.77905199
67.0 -1486.7255299
71.0 -1525.42767614
79.0 -1594.63957357
92.0 -1615.68968494
94.0 -1620.26168749
95.0 -1657.1644025
98.0 -1662.76248314
99.0 -1708.66993216
114.0 -1714.00841484
115.0 -1715.19478208
116.0 -1750.14653068
117.0 -1796.6900269
118.0 -1813.61088171
123.0 -1832.57203461

0.0 -0.0
1.0 -98.7610550736
2.0 -173.434814033
3.0 -241.381291947
4.0 -287.924788169
5.0 -339.725346159
6.0 -386.268842381
7.0 -431.647620025
8.0 -478.191116247
9.0 -517.780761407
10.0 -564.324257629
11.0 -599.27600623
12.0 -645.819502452
13.0 -662.74035726
14.0 -691.395892542
15.0 -737.939388764
17.0 -758.673649804
18.0 -784.248018398
20.0 -841.355261863
21.0 -858.276116671
23.0 -891.093700431
24.0 -897.531160065
25.0 -933.35766313
26.0 -950.278517938
28.0 -987.723355027
29.0 -989.533561333
30.0 -1006.45441614
32.0 -1043.89925323
33.0 -1060.82010804
34.0 -1061.66242126
35.0 -1078.58327607
37.0 -1135.9016545
38.0 -1152.82250931
40.0 -1163.62394607
41.0 -1178.64061044
42.0 -1205.38505606
45.0 -1214.21536403
47.0 -1250.37475908
49.0 -1256.95431997
51.0 -1277.86196424
52.0 -1307.19561125
53.0 -1310.679548
54.0 -1328.10325552
55.0 -1329.3674939
56.0 -1332.67525807
58.0 -1379.60878518
61.0 -1389.49611025
63.0 -1416.38738703
65.0 -1429.75912898
67.0 -1431.33323188
69.0 -1467.02424806
71.0 -1467.75335791
72.0 -1498.68788602
74.0 -1523.96956747
75.0 -1552.30874804
80.0 -1624.43760796
89.0 -1638.72988875
90.0 -1685.27338497
92.0 -1689.84538752
94.0 -1736.77891463
101.0 -1798.17176936
102.0 -1805.99081206
107.0 -1820.09676018
111.0 -1855.31907866
113.0 -1855.97876789
117.0 -1922.52376109

0.0 -0.0
1.0 -98.7610550736
2.0 -173.434814033
3.0 -197.105109285
4.0 -271.778868245
5.0 -289.027383152
6.0 -363.701142112
7.0 -363.898754558
8.0 -449.834283493
9.0 -466.177815863
10.0 -531.329528316
11.0 -537.316273248
12.0 -573.0906383
13.0 -623.449414629
15.0 -665.210524613
16.0 -706.131026688
17.0 -737.270668112
18.0 -747.892136672
19.0 -807.396235765
21.0 -822.131369911
23.0 -854.948953671
24.0 -871.869808479
25.0 -903.512302618
26.0 -914.133771178
27.0 -945.273412602
29.0 -981.411528439
30.0 -1027.95502466
34.0 -1064.37515069
35.0 -1101.05177767
38.0 -1122.31257312
39.0 -1147.1528283
40.0 -1164.0736831
43.0 -1169.67176374
44.0 -1188.060801
46.0 -1193.66136762
47.0 -1227.55232711
48.0 -1233.28558053
50.0 -1236.96151187
52.0 -1271.84260363
55.0 -1336.03188634
60.0 -1341.05450105
62.0 -1373.47057125
64.0 -1383.21499093
65.0 -1418.59326438
66.0 -1437.84983521
71.0 -1493.73738617
73.0 -1496.9027576
74.0 -1507.06173264
76.0 -1522.17175347
77.0 -1528.55459
79.0 -1567.89182467
83.0 -1604.61398241
87.0 -1609.69545205
88.0 -1650.19232366
92.0 -1701.69785332
99.0 -1714.50923012
104.0 -1727.16623913
107.0 -1751.29397477
111.0 -1788.55909385
116.0 -1833.59447376
119.0 -1857.77099128
122.0 -1869.47648147
124.0 -1901.36934403
126.0 -1906.74160055
127.0 -1914.56064325
128.0 -1940.07149027
134.0 -1975.95349798
136.0 -1979.77278211
138.0 -2005.68147306
142.0 -2015.65478982
143.0 -2114.41584489
145.0 -2118.98784744

0.0 -0.0
1.0 -98.7610550736
2.0 -173.434814033
3.0 -241.381291947
4.0 -287.924788169
5.0 -339.725346159
6.0 -374.05792955
7.0 -431.647620025
8.0 -478.191116247
9.0 -517.780761407
10.0 -564.324257629
11.0 -599.27600623
12.0 -616.196861038
13.0 -662.74035726
14.0 -681.957618289
15.0 -684.139880958
16.0 -730.68337718
17.0 -749.23537555
18.0 -784.248018398
19.0 -797.961134441
20.0 -832.912883042
21.0 -851.525775659
22.0 -880.6427465
23.0 -911.167538718
24.0 -913.46033026
25.0 -944.832029208
26.0 -985.406771956
28.0 -989.978774509
29.0 -1001.00792741
30.0 -1018.3012526
31.0 -1052.7614261
32.0 -1059.14426263
33.0 -1085.57900986
38.0 -1103.47535888
39.0 -1106.16686242
41.0 -1168.91485481
43.0 -1173.48685736
44.0 -1173.52151656
47.0 -1179.85210753
48.0 -1209.94164259
49.0 -1236.54342199
51.0 -1253.88635617
53.0 -1268.88366308
54.0 -1284.73278756
55.0 -1296.23098055
56.0 -1310.70720835
58.0 -1336.23831723
60.0 -1377.99942721
62.0 -1382.44696253
64.0 -1415.26454629
65.0 -1447.0388413
69.0 -1478.86115241
70.0 -1482.46922872
71.0 -1483.43315497
72.0 -1529.97665119
76.0 -1540.25400714
78.0 -1544.82600969
79.0 -1560.77385323
80.0 -1577.64359345
82.0 -1632.47826156
84.0 -1676.36818758
90.0 -1712.87776037
94.0 -1749.25601635
97.0 -1760.9836154
99.0 -1795.17825936
102.0 -1829.65551516
104.0 -1858.20016479
106.0 -1881.16104482
108.0 -1922.92215481
111.0 -1926.73938607
114.0 -1948.15538067
115.0 -1978.24491573
119.0 -2015.51003481
121.0 -2045.44959816
124.0 -2060.54541472
127.0 -2066.14349536
131.0 -2083.49648362
133.0 -2088.06848618
143.0 -2153.67846897
144.0 -2170.59932377
147.0 -2192.38061521
157.0 -2207.2333533

0.0 -0.0
1.0 -98.7610550736
2.0 -173.434814033
3.0 -241.381291947
4.0 -287.924788169
5.0 -339.725346159
6.0 -386.268842381
7.0 -431.647620025
8.0 -478.191116247
9.0 -517.780761407
10.0 -564.324257629
11.0 -599.27600623
12.0 -645.819502452
13.0 -656.444143941
14.0 -681.957618289
15.0 -737.939388764
16.0 -739.125756
17.0 -779.700498749
18.0 -820.621000823
20.0 -862.382110808
21.0 -887.898758085
22.0 -895.199694568
23.0 -929.659868069
24.0 -952.088040793
26.0 -993.849150777
28.0 -1026.66673454
30.0 -1031.5178372
31.0 -1065.9780107
33.0 -1098.79559446
35.0 -1119.64698176
37.0 -1144.25449951
38.0 -1190.79799573
40.0 -1191.77584169
42.0 -1215.13415613
43.0 -1250.96065919
45.0 -1283.77824295
47.0 -1298.19303117
49.0 -1339.95414116
50.0 -1346.80014838
52.0 -1361.2149366
53.0 -1364.17774177
54.0 -1402.97604659
57.0 -1420.35363997
58.0 -1421.94012179
59.0 -1423.95618224
60.0 -1454.75770555
62.0 -1483.3755454
65.0 -1496.08938903
68.0 -1535.15720436
72.0 -1572.42232345
73.0 -1572.71679726
75.0 -1614.47790724
81.0 -1627.6494973
82.0 -1675.87076197
85.0 -1687.14172996
88.0 -1708.91939287
90.0 -1750.16363539
94.0 -1752.43862053
95.0 -1779.04039994
97.0 -1814.42992254
99.0 -1847.2475063
106.0 -1870.78328689
107.0 -1887.70414169
108.0 -1912.54439687
109.0 -1918.9272334
114.0 -1948.42640458
115.0 -1967.34829695
116.0 -1975.16733965
117.0 -1981.76308517
119.0 -2023.52419516
123.0 -2062.2263414
128.0 -2088.82108572
136.0 -2119.94780451

0.0 -0.0
1.0 -98.7610550736
2.0 -173.434814033
3.0 -241.381291947
4.0 -287.924788169
5.0 -339.725346159
6.0 -386.268842381
7.0 -431.647620025
8.0 -472.401983762
9.0 -517.780761407
10.0 -553.897228585
11.0 -599.27600623
12.0 -599.473618675
13.0 -636.578840644
14.0 -681.957618289
15.0 -682.155230734
16.0 -728.698726956
17.0 -756.196851527
18.0 -773.117706335
19.0 -802.937960195
20.0 -820.386134235
21.0 -820.701128224
22.0 -848.199252795
23.0 -854.443489857
24.0 -899.822267502
25.0 -940.319139108
27.0 -946.248278678
28.0 -948.492206262
29.0 -996.49503731
30.0 -1008.74552358
31.0 -1013.72364839
33.0 -1048.00056697
34.0 -1059.17932291
35.0 -1076.10017772
36.0 -1085.85250831
38.0 -1088.90853968
39.0 -1127.05883569
40.0 -1136.90083298
41.0 -1156.42277965
42.0 -1164.71395153
43.0 -1171.09678807
44.0 -1194.41348983
45.0 -1205.57053214
46.0 -1227.23107359
47.0 -1244.1519284
48.0 -1272.84828941
50.0 -1272.92518629
55.0 -1275.79406512
56.0 -1335.64836101
58.0 -1339.98334783
59.0 -1348.45672297
61.0 -1357.16330278
62.0 -1373.06003173
63.0 -1389.98088654
64.0 -1416.04785983
65.0 -1432.73223192
68.0 -1445.77707659
70.0 -1445.85397347
71.0 -1457.41795371
72.0 -1496.21087593
73.0 -1513.13173073
77.0 -1524.62263614
78.0 -1531.02807975
79.0 -1580.33280936
85.0 -1647.53749178
89.0 -1699.04302144
93.0 -1713.04182332
96.0 -1738.894285
98.0 -1754.59343776
99.0 -1771.93085021
100.0 -1806.02207054
102.0 -1806.09896742
103.0 -1818.73591417

0.0 -0.0
1.0 -98.7610550736
2.0 -173.434814033
3.0 -241.381291947
4.0 -287.924788169
5.0 -339.725346159
6.0 -386.268842381
7.0 -431.647620025
8.0 -478.191116247
9.0 -517.780761407
10.0 -564.324257629
11.0 -599.27600623
12.0 -609.900647719
13.0 -656.444143941
14.0 -691.395892542
15.0 -692.582259778
16.0 -739.125756
17.0 -740.642756011
18.0 -766.821493017
19.0 -813.364989239
20.0 -814.881989249
21.0 -834.099250278
22.0 -839.606633256
23.0 -904.18102327
24.0 -905.367390506
26.0 -986.86263533
29.0 -999.576478953
31.0 -1054.21728947
32.0 -1055.73428948
34.0 -1121.49504673
36.0 -1126.3461494
39.0 -1137.75425492
40.0 -1151.30116038
45.0 -1167.56036856
46.0 -1203.50653011
47.0 -1220.42738492
48.0 -1234.83812582
51.0 -1266.52843554
52.0 -1292.55624485
55.0 -1350.72704761
59.0 -1402.23257728
64.0 -1415.11783611
65.0 -1432.03869092
73.0 -1480.41472668
76.0 -1486.01280732
78.0 -1497.70026059
80.0 -1501.80388428
81.0 -1510.41410421
83.0 -1552.1752142
84.0 -1604.1505164
86.0 -1612.09009361
89.0 -1676.27937632
90.0 -1693.20023113
95.0 -1698.20436714
96.0 -1737.67223105
97.0 -1754.59308586
98.0 -1762.41212855
104.0 -1765.30130559
106.0 -1784.0696908
109.0 -1850.75487232
113.0 -1869.90790846
115.0 -1874.47991102
120.0 -1931.30076319
128.0 -1971.00205503

0.0 -0.0
1.0 -98.7610550736
2.0 -173.434814033
3.0 -241.381291947
4.0 -287.924788169
5.0 -339.725346159
6.0 -386.268842381
7.0 -431.647620025
8.0 -467.764087204
9.0 -517.780761407
10.0 -553.897228585
11.0 -599.27600623
12.0 -645.819502452
13.0 -656.444143941
14.0 -691.395892542
15.0 -728.501114511
16.0 -739.125756
17.0 -774.077504601
18.0 -820.621000823
20.0 -862.382110808
21.0 -894.860234062
23.0 -926.571393516
24.0 -959.04951677
26.0 -1000.81062675
27.0 -1026.32727403
29.0 -1068.08838402
30.0 -1074.47122055
33.0 -1082.58006911
34.0 -1160.09078528
40.0 -1175.56031634
41.0 -1182.40632357
42.0 -1197.10750421
45.0 -1228.27105724
47.0 -1242.68584545
48.0 -1255.95981515
49.0 -1262.80582238
51.0 -1266.90944607
52.0 -1321.25130446
55.0 -1326.9212978
56.0 -1331.69556421
57.0 -1340.53276294
58.0 -1391.11058051
61.0 -1396.70866115
62.0 -1429.81272675
65.0 -1452.50343524
66.0 -1460.32247794
67.0 -1488.19445142
72.0 -1495.13968176
73.0 -1502.33161123
74.0 -1506.51438823
75.0 -1544.09272122
76.0 -1574.32720365
79.0 -1614.11754218
83.0 -1615.8694062
85.0 -1649.99954989
91.0 -1663.91223842
92.0 -1680.83309323
97.0 -1707.18638721
100.0 -1760.99610933
109.0 -1826.2929999
110.0 -1843.2138547

0.0 -0.0
1.0 -98.7610550736
2.0 -173.434814033
3.0 -241.381291947
4.0 -287.924788169
5.0 -339.725346159
6.0 -386.268842381
7.0 -431.647620025
8.0 -478.191116247
9.0 -513.142864849
10.0 -559.686361071
11.0 -560.872728307
12.0 -605.262751161
13.0 -651.806247383
14.0 -652.992614619
15.0 -687.94436322
16.0 -734.487859442
17.0 -756.196851527
18.0 -756.394463973
19.0 -773.64297888
20.0 -848.31673784
23.0 -912.506020548
26.0 -918.375280434
27.0 -936.561943902
28.0 -1004.50842182
30.0 -1009.08042437
32.0 -1060.68432002
33.0 -1067.53032725
34.0 -1084.45118206
37.0 -1123.70622545
38.0 -1134.88498139
39.0 -1165.46733543
40.0 -1207.40005414
41.0 -1214.24606137
43.0 -1237.60437581
45.0 -1270.42195957
46.0 -1274.60473657
48.0 -1337.69971684
52.0 -1344.00947853
54.0 -1404.90439926
59.0 -1408.41076522
60.0 -1419.92714099
61.0 -1426.30997752
63.0 -1430.88198008
64.0 -1471.43267065
66.0 -1498.43883745
68.0 -1510.1348169
71.0 -1513.6975149
73.0 -1582.26367682
88.0 -1593.28253085
89.0 -1665.17329783
94.0 -1675.33675645
95.0 -1683.15399958
97.0 -1700.9303006
98.0 -1747.47379683
103.0 -1764.02742714
104.0 -1770.41026367

0.0 -0.0
1.0 -98.7610550736
2.0 -173.434814033
3.0 -241.381291947
4.0 -271.778868245
5.0 -339.725346159
6.0 -363.701142112
7.0 -431.647620025
8.0 -449.834283493
9.0 -517.780761407
10.0 -534.701616215
11.0 -599.27600623
12.0 -616.196861038
13.0 -632.09358999
14.0 -660.554636597
15.0 -692.582259778
16.0 -714.775202049
17.0 -761.318698271
18.0 -766.821493017
19.0 -783.742347825
20.0 -784.584661046
21.0 -834.099250278
25.0 -890.27514848
26.0 -936.818644702
31.0 -944.07724919
33.0 -990.101402932
34.0 -1012.75712434
36.0 -1040.80050231
38.0 -1049.02369288
39.0 -1080.11177848
41.0 -1104.83642248
43.0 -1138.55309387
44.0 -1172.11417975
46.0 -1204.93176351
48.0 -1209.37929883
49.0 -1216.75093291
51.0 -1217.03143499
52.0 -1253.07443058
54.0 -1319.60520987
57.0 -1325.20329051
61.0 -1363.90543675
63.0 -1392.40797294
71.0 -1439.03084923
73.0 -1500.58686491
79.0 -1503.76946522
80.0 -1514.94822117
81.0 -1521.3310577
82.0 -1589.27753561
89.0 -1650.67039034
96.0 -1735.08827395
100.0 -1740.7714203
101.0 -1757.6922751
102.0 -1770.71098364
104.0 -1815.48777277
105.0 -1821.8706093
107.0 -1828.59943299
110.0 -1844.39622875
111.0 -1890.93972497
115.0 -1894.75843807
120.0 -1924.25760925
122.0 -1928.07689337
124.0 -1932.64889593

0.0 -0.0
1.0 -98.7610550736
2.0 -173.434814033
3.0 -241.381291947
4.0 -271.778868245
5.0 -339.725346159
6.0 -386.268842381
7.0 -431.647620025
8.0 -478.191116247
9.0 -517.780761407
10.0 -530.063719657
11.0 -599.27600623
12.0 -609.900647719
13.0 -651.806247383
14.0 -691.395892542
15.0 -692.582259778
16.0 -734.487859442
17.0 -774.077504601
18.0 -820.621000823
20.0 -848.31673784
21.0 -850.488202665
22.0 -872.916375389
23.0 -915.594495101
24.0 -959.04951677
26.0 -979.783777809
27.0 -1026.32727403
29.0 -1059.14485779
31.0 -1100.90596778
32.0 -1118.3296753
34.0 -1122.90167785
35.0 -1157.53009559
37.0 -1165.8107881
39.0 -1171.80844526
40.0 -1178.19128179
41.0 -1217.31631776
43.0 -1227.80055119
45.0 -1254.58143684
47.0 -1287.3990206
48.0 -1287.61930301
49.0 -1294.51667216
50.0 -1317.60334228
52.0 -1324.8844221
53.0 -1383.48949001
54.0 -1413.57902507
55.0 -1419.9618616
58.0 -1450.84414415
60.0 -1483.66172791
72.0 -1533.33883799
78.0 -1547.74109684
80.0 -1609.30610331
81.0 -1630.42270889
86.0 -1631.23109413
88.0 -1640.03446567
89.0 -1706.38997422
93.0 -1707.38911982
94.0 -1724.28632324
95.0 -1740.20670358
97.0 -1755.19822055
102.0 -1818.22012598
111.0 -1838.35683751

0.0 -0.0
1.0 -98.7610550736
2.0 -173.434814033
3.0 -241.381291947
4.0 -287.924788169
5.0 -339.725346159
6.0 -386.268842381
7.0 -431.647620025
8.0 -445.196386935
9.0 -517.780761407
10.0 -524.60224727
11.0 -599.27600623
12.0 -645.819502452
13.0 -656.444143941
14.0 -691.395892542
15.0 -737.939388764
16.0 -744.322225296
17.0 -779.700498749
18.0 -812.178622003
20.0 -862.382110808
21.0 -865.237592648
22.0 -881.1343216
23.0 -927.677817822
25.0 -948.412078861
26.0 -994.955575083
28.0 -995.032471965
30.0 -1036.79358195
31.0 -1043.17641848
34.0 -1073.21370798
35.0 -1079.59654451
36.0 -1083.23033295
39.0 -1147.16069814
40.0 -1172.93626293
43.0 -1185.65010656
45.0 -1224.29182088
46.0 -1240.14094536
48.0 -1261.70691168
50.0 -1291.64647502
51.0 -1338.18997124
56.0 -1352.39437578
59.0 -1401.04045403
63.0 -1417.6022648
64.0 -1423.98510133
67.0 -1456.30441104
68.0 -1466.3373446
69.0 -1494.94073035
72.0 -1499.90276379
73.0 -1546.44626001
78.0 -1618.57511994
85.0 -1624.23991272
86.0 -1670.78340894
113.0 -1722.4238923
120.0 -1724.98142162
122.0 -1794.11095457
123.0 -1796.01195475
128.0 -1809.1336963
131.0 -1876.41145356
149.0 -1905.55688993

0.0 -0.0
1.0 -98.7610550736
2.0 -173.434814033
3.0 -241.381291947
4.0 -287.924788169
5.0 -339.725346159
6.0 -386.268842381
7.0 -431.647620025
8.0 -478.191116247
9.0 -517.780761407
10.0 -524.60224727
11.0 -564.521870074
12.0 -609.900647719
13.0 -656.444143941
14.0 -691.395892542
15.0 -737.939388764
16.0 -744.322225296
17.0 -774.077504601
18.0 -820.621000823
20.0 -830.285844047
21.0 -894.860234062
24.0 -905.367390506
25.0 -922.288245315
27.0 -969.556673214
28.0 -986.477528023
30.0 -994.41710524
31.0 -1004.17329885
32.0 -1041.68553314
33.0 -1058.60638795
35.0 -1084.31554328
37.0 -1117.13312704
39.0 -1144.9462456
40.0 -1157.41229629
41.0 -1182.25255146
43.0 -1183.18719386
44.0 -1203.51334691
45.0 -1206.4908852
47.0 -1222.74465254
48.0 -1247.58490772
50.0 -1268.36907891
51.0 -1269.37880102
52.0 -1305.20530408
54.0 -1319.6200923
55.0 -1344.46034748
56.0 -1361.38120228
60.0 -1398.64632137
61.0 -1433.51006221
64.0 -1446.22390583
66.0 -1466.92735979
67.0 -1496.13677844
71.0 -1524.69851037
72.0 -1559.15868387
73.0 -1572.19617086
74.0 -1591.97626763
78.0 -1635.21807629
79.0 -1652.1389311
81.0 -1684.95651486
85.0 -1688.02093881
89.0 -1739.52646847
95.0 -1747.19018662
97.0 -1775.69272281
101.0 -1814.39486905
105.0 -1833.81138665
106.0 -1840.98961338
108.0 -1848.90720322
110.0 -1879.69175962
112.0 -1883.29430188
114.0 -1916.11188565

0.0 -0.0
1.0 -98.7610550736
2.0 -173.434814033
3.0 -241.381291947
4.0 -287.924788169
5.0 -339.725346159
6.0 -386.268842381
7.0 -431.647620025
8.0 -478.191116247
9.0 -517.780761407
10.0 -564.324257629
11.0 -570.31100256
12.0 -609.900647719
13.0 -656.444143941
15.0 -689.261727701
16.0 -739.125756
18.0 -748.446545209
19.0 -754.82938174
20.0 -769.180806248
21.0 -815.72430247
22.0 -820.068990057
23.0 -829.237768174
24.0 -870.158270248
25.0 -912.18887637
28.0 -951.389296662
31.0 -958.62562737
32.0 -1005.16912359
34.0 -1024.98811532
35.0 -1072.44688085
37.0 -1117.10800164
41.0 -1155.81014788
43.0 -1188.62773164
45.0 -1211.98604608
48.0 -1217.2030026
49.0 -1247.40380748
52.0 -1314.68156474
57.0 -1382.03621889
67.0 -1399.27425448
68.0 -1416.19510929
69.0 -1432.09183824
77.0 -1472.16208325
82.0 -1494.60636155
83.0 -1515.22969181
87.0 -1551.64981784
91.0 -1552.91563233
92.0 -1579.51741174
96.0 -1615.93753777
102.0 -1652.61227104
103.0 -1677.33039249
110.0 -1733.01176986

0.0 -0.0
1.0 -98.7610550736
2.0 -173.434814033
3.0 -241.381291947
4.0 -271.778868245
5.0 -339.725346159
6.0 -386.268842381
7.0 -431.647620025
8.0 -472.401983762
9.0 -517.780761407
10.0 -564.324257629
11.0 -599.27600623
12.0 -645.819502452
14.0 -687.580612436
16.0 -733.157002527
17.0 -774.077504601
19.0 -815.838614586
20.0 -838.266787309
22.0 -880.027897294
25.0 -920.445597766
26.0 -931.533426955
27.0 -943.213230995
28.0 -984.634880474
30.0 -1017.45246423
32.0 -1060.68432002
34.0 -1077.90152012
36.0 -1086.55773365
37.0 -1160.83589381
39.0 -1169.90392139
40.0 -1200.0909372
41.0 -1217.01179201
42.0 -1237.18167865
44.0 -1251.59646687
46.0 -1293.35757685
48.0 -1326.17516061
50.0 -1330.62269593
51.0 -1356.37948228
52.0 -1362.76231881
54.0 -1362.8392157
55.0 -1409.38271192
57.0 -1462.87872827
58.0 -1464.92881609
60.0 -1465.00571297
61.0 -1500.14384735
62.0 -1515.36261542
63.0 -1532.28347023
64.0 -1540.9882085
66.0 -1569.08781925
67.0 -1569.54858931
69.0 -1608.34286264
70.0 -1625.26371745
72.0 -1629.83572
73.0 -1656.146
74.0 -1662.52883654
77.0 -1682.02810775
78.0 -1697.03353334
85.0 -1716.30719327
96.0 -1733.51732295
97.0 -1741.80849483
99.0 -1767.19797545
103.0 -1803.61810148
107.0 -1806.89926729
117.0 -1872.50925008
118.0 -1919.0527463
121.0 -1931.76658993
124.0 -1933.90210481
126.0 -1966.71968857

0.0 -0.0
1.0 -98.7610550736
2.0 -173.434814033
3.0 -241.381291947
4.0 -271.778868245
5.0 -333.303565814
6.0 -369.420032992
7.0 -431.647620025
8.0 -478.191116247
9.0 -513.142864849
10.0 -559.686361071
11.0 -599.27600623
12.0 -605.262751161
13.0 -623.875643778
14.0 -691.395892542
16.0 -724.213476302
17.0 -765.635125781
19.0 -807.396235765
20.0 -848.31673784
22.0 -890.077847824
23.0 -904.18102327
25.0 -945.942133255
26.0 -957.239993916
27.0 -982.080249092
28.0 -1013.21989052
29.0 -1035.00658185
30.0 -1060.52322912
31.0 -1095.90150258
32.0 -1102.28433911
34.0 -1117.67346005
35.0 -1124.05629658
39.0 -1195.26458633
45.0 -1219.63797772
49.0 -1249.75381347
51.0 -1286.84266015
53.0 -1305.54117224
54.0 -1310.80908136
57.0 -1322.38895221
58.0 -1368.93244844
60.0 -1379.6556819
62.0 -1421.41679188
64.0 -1435.8315801
66.0 -1444.7767322
67.0 -1472.63592912
70.0 -1485.34977274
71.0 -1531.89326896
75.0 -1553.32571815
78.0 -1558.92379879
80.0 -1567.38483641
81.0 -1568.34845988
83.0 -1573.5748284
84.0 -1598.55278155
85.0 -1615.33593839
86.0 -1695.15006615
90.0 -1732.41518523
103.0 -1771.69749863
110.0 -1795.23327921
111.0 -1820.07353439
112.0 -1836.99438919
114.0 -1841.56639175
118.0 -1893.07192141

0.0 -0.0
1.0 -98.7610550736
2.0 -173.434814033
3.0 -241.381291947
4.0 -271.778868245
5.0 -339.725346159
6.0 -363.701142112
7.0 -431.647620025
8.0 -467.764087204
9.0 -517.780761407
10.0 -559.686361071
11.0 -570.31100256
12.0 -609.900647719
13.0 -651.806247383
14.0 -691.395892542
15.0 -737.939388764
16.0 -739.125756
17.0 -779.700498749
18.0 -820.621000823
20.0 -848.31673784
21.0 -894.860234062
22.0 -911.78108887
23.0 -927.677817822
24.0 -962.137991323
25.0 -979.058846131
26.0 -1003.89910131
27.0 -1026.32727403
28.0 -1036.71668507
29.0 -1068.08838402
30.0 -1074.47122055
31.0 -1100.90596778
32.0 -1107.28880431
33.0 -1124.26428222
34.0 -1140.21724394
37.0 -1160.24723741
38.0 -1165.9197339
39.0 -1202.77597867
41.0 -1233.19749116
45.0 -1249.67590037
46.0 -1296.2193966
47.0 -1302.60223313
53.0 -1339.67450767
54.0 -1369.76404273
56.0 -1398.24887778
58.0 -1407.01038337
59.0 -1432.78594816
60.0 -1436.96872516
62.0 -1445.83079284
63.0 -1454.12196472
65.0 -1499.99063059
69.0 -1509.11595126
72.0 -1519.00327632
73.0 -1526.82231902
75.0 -1568.58342901
76.0 -1575.17917453
77.0 -1578.32784868
81.0 -1580.68564068
82.0 -1609.12281801
84.0 -1630.42407925
88.0 -1642.07849541
89.0 -1670.89331659
91.0 -1703.71090035
95.0 -1740.97601943
101.0 -1746.07753222
103.0 -1777.79929085
107.0 -1814.21941688

0.0 -0.0
1.0 -98.7610550736
2.0 -173.434814033
3.0 -241.381291947
4.0 -287.924788169
5.0 -318.322364467
6.0 -386.268842381
7.0 -410.244638334
8.0 -478.191116247
9.0 -517.780761407
10.0 -564.324257629
11.0 -571.145743492
12.0 -597.141841389
13.0 -656.444143941
14.0 -691.395892542
15.0 -737.939388764
17.0 -758.673649804
18.0 -775.594504612
19.0 -791.491233564
20.0 -841.355261863
22.0 -874.172845623
24.0 -898.897489629
25.0 -933.35766313
26.0 -943.722558853
27.0 -966.17524689
28.0 -1004.50842182
30.0 -1037.32600558
32.0 -1038.30410682
33.0 -1104.60376284
35.0 -1104.68065972
37.0 -1160.77966104
38.0 -1171.95841698
42.0 -1201.68763374
43.0 -1244.08727691
46.0 -1259.70903506
47.0 -1269.04228789
50.0 -1323.11619687
51.0 -1325.21818609
52.0 -1338.81534963
56.0 -1390.32087929
59.0 -1400.20820436
60.0 -1417.12905917
63.0 -1451.71373402
64.0 -1458.55974125
66.0 -1493.18845158
68.0 -1514.73563945
73.0 -1524.60156279
74.0 -1532.54183194
76.0 -1565.3594157
77.0 -1580.03253002
82.0 -1601.24142341
85.0 -1606.83950405
86.0 -1638.24724447
89.0 -1678.48848804
90.0 -1729.69573402
101.0 -1773.91696743
103.0 -1806.73455119
109.0 -1845.27127853
112.0 -1854.48242573
115.0 -1867.19626935
120.0 -1885.09261837
121.0 -1903.07827706
122.0 -1919.99913187
127.0 -1926.80331576
132.0 -1944.69966478

