0.0 -0.0
1.0 -98.7610550736
2.0 -173.434814033
3.0 -241.381291947
4.0 -265.3570879
5.0 -333.303565814
6.0 -374.05792955
7.0 -419.436707195
8.0 -465.980203417
9.0 -472.474029181
10.0 -524.60224727
11.0 -535.22688876
13.0 -616.722133583
14.0 -624.635781865
15.0 -658.483243567
16.0 -690.961366821
17.0 -715.020935027
18.0 -732.722476806
19.0 -749.643331614
20.0 -750.485644835
21.0 -815.404088865
22.0 -837.832261588
24.0 -882.681846126
27.0 -883.067474228
28.0 -953.253965365
31.0 -957.169763997
32.0 -1009.89303427
33.0 -1016.2758708
34.0 -1039.85137606
35.0 -1046.23421259
36.0 -1095.07394967
37.0 -1139.24977902
42.0 -1202.27168445
46.0 -1258.44758266
49.0 -1325.72533992
58.0 -1328.67894432
63.0 -1341.55840487
64.0 -1416.23216383
65.0 -1424.9369021
66.0 -1441.85775691
68.0 -1445.02312834
71.0 -1509.21241105
85.0 -1557.71030848
86.0 -1587.10437583
91.0 -1659.23323575

0.0 -0.0
1.0 -98.7610550736
2.0 -173.434814033
3.0 -241.381291947
4.0 -287.924788169
5.0 -339.725346159
6.0 -386.268842381
7.0 -431.647620025
8.0 -478.191116247
9.0 -517.780761407
10.0 -559.686361071
11.0 -599.27600623
12.0 -645.819502452
13.0 -656.444143941
14.0 -691.395892542
15.0 -737.939388764
16.0 -744.322225296
17.0 -779.700498749
18.0 -805.217146026
20.0 -848.31673784
21.0 -879.456379264
22.0 -881.1343216
23.0 -912.506020548
25.0 -951.036132264
27.0 -977.393387451
28.0 -1018.31388953
29.0 -1024.69672606
30.0 -1027.63467873
31.0 -1049.42137006
32.0 -1069.81941919
33.0 -1110.31629079
34.0 -1116.69912732
37.0 -1123.45594976
38.0 -1168.20465699
41.0 -1177.13832033
42.0 -1184.76397929
43.0 -1210.67596479
44.0 -1244.41607759
45.0 -1250.79891413
48.0 -1295.92160726
53.0 -1340.28713756
55.0 -1357.31446198
57.0 -1363.43730608
59.0 -1407.00325853
60.0 -1427.62658879
62.0 -1437.37100847
63.0 -1444.26837761
64.0 -1479.13211845
65.0 -1496.05297326
68.0 -1516.39723754
71.0 -1526.2845626
74.0 -1561.28291591
75.0 -1577.79009226
80.0 -1597.16492362
85.0 -1615.06127264
86.0 -1619.08991444
95.0 -1629.91401074
100.0 -1697.26866488

0.0 -0.0
1.0 -98.7610550736
2.0 -173.434814033
3.0 -241.381291947
4.0 -287.924788169
5.0 -339.725346159
6.0 -379.847062036
7.0 -431.647620025
8.0 -467.764087204
9.0 -517.780761407
10.0 -559.686361071
11.0 -599.27600623
12.0 -605.658842761
13.0 -651.806247383
14.0 -691.395892542
15.0 -697.778729074
16.0 -733.157002527
17.0 -774.077504601
18.0 -780.460341133
19.0 -800.434759788
20.0 -841.355261863
21.0 -846.745263297
22.0 -883.116371847
23.0 -905.544544571
24.0 -922.465399379
25.0 -954.035073009
26.0 -985.406771956
28.0 -1018.22435572
31.0 -1051.91263773
32.0 -1077.720786
33.0 -1084.73022149
34.0 -1101.6510763
36.0 -1110.97186551
37.0 -1149.84964592
38.0 -1166.77050073
39.0 -1182.66722968
40.0 -1199.58808449
42.0 -1210.61686871
43.0 -1217.05432835
44.0 -1233.97518316
45.0 -1249.87191211
46.0 -1266.79276692
49.0 -1272.39084755
50.0 -1299.37147269
53.0 -1328.18562164
55.0 -1362.39337812
58.0 -1365.71900996
59.0 -1388.06214338
62.0 -1397.96551322
63.0 -1437.84786988
64.0 -1450.40296959
67.0 -1455.61992612
68.0 -1472.54078093
69.0 -1478.97824056
70.0 -1496.83972059
71.0 -1511.79582432
75.0 -1548.21595035
78.0 -1575.15343013
83.0 -1593.04977915
84.0 -1605.26161742
88.0 -1636.14358791
89.0 -1682.68708413
96.0 -1716.54308673
104.0 -1785.75498415
130.0 -1805.06892348
131.0 -1821.98977829

0.0 -0.0
1.0 -98.7610550736
2.0 -173.434814033
3.0 -219.978310255
4.0 -287.924788169
5.0 -318.322364467
6.0 -386.268842381
7.0 -421.220590982
8.0 -478.191116247
9.0 -513.142864849
10.0 -531.329528316
11.0 -560.872728307
12.0 -577.793583115
13.0 -623.449414629
14.0 -642.062307246
15.0 -684.129083114
17.0 -752.67452291
19.0 -794.435632894
20.0 -816.863805618
22.0 -858.624915602
23.0 -875.54577041
24.0 -891.442499362
25.0 -932.86414884
26.0 -971.305366884
27.0 -993.733539607
29.0 -1035.49464959
30.0 -1067.97277285
32.0 -1109.73388283
35.0 -1140.10163277
36.0 -1165.90978103
37.0 -1177.08853697
39.0 -1202.71413005
42.0 -1269.99188731
46.0 -1306.41201334
47.0 -1342.12074724
55.0 -1361.19085569
58.0 -1381.89045167
59.0 -1397.61098171
61.0 -1413.52314258
63.0 -1441.5903545
64.0 -1449.88152638
66.0 -1466.50072354
67.0 -1477.67947948
69.0 -1495.83097674
70.0 -1502.21381327
71.0 -1529.18500914
74.0 -1582.97423758
81.0 -1605.75467461
82.0 -1622.67552942
85.0 -1623.924258
88.0 -1652.48164306
90.0 -1696.05311792
91.0 -1719.75940033
94.0 -1732.47324395

0.0 -0.0
1.0 -98.7610550736
2.0 -173.434814033
3.0 -241.381291947
4.0 -287.924788169
5.0 -339.725346159
6.0 -363.701142112
7.0 -431.647620025
8.0 -478.191116247
9.0 -513.142864849
10.0 -559.686361071
11.0 -560.872728307
12.0 -609.900647719
13.0 -642.36797313
14.0 -659.288827938
15.0 -737.939388764
17.0 -774.077504601
18.0 -820.621000823
19.0 -837.541855632
20.0 -862.382110808
21.0 -887.898758085
22.0 -901.73113834
23.0 -929.659868069
24.0 -959.04951677
25.0 -975.970371578
26.0 -1000.81062675
27.0 -1026.32727403
29.0 -1044.09044206
30.0 -1067.97277285
31.0 -1071.78617908
32.0 -1118.3296753
33.0 -1135.25053011
37.0 -1181.35158073
38.0 -1207.37939003
43.0 -1248.55626316
46.0 -1261.27010678
47.0 -1295.35630645
49.0 -1299.928309
53.0 -1316.04962684
55.0 -1320.62162939
56.0 -1359.7361138
57.0 -1367.5551565
59.0 -1383.25430927
61.0 -1404.82027558
63.0 -1409.39227814
64.0 -1428.94801123
68.0 -1454.95972262
70.0 -1495.65587502
73.0 -1507.40434683
74.0 -1532.9209941
76.0 -1574.68210409
80.0 -1611.10223012
85.0 -1639.97899466
93.0 -1709.19089208
99.0 -1746.48862021
101.0 -1768.76542701
102.0 -1770.26097809
103.0 -1776.64381462
105.0 -1794.29944522
109.0 -1837.97732444
111.0 -1841.88136028
113.0 -1874.69894404
114.0 -1905.33197858
123.0 -1970.62886915

0.0 -0.0
1.0 -98.7610550736
2.0 -173.434814033
3.0 -241.381291947
4.0 -287.924788169
5.0 -339.725346159
6.0 -386.268842381
7.0 -431.647620025
8.0 -478.191116247
9.0 -513.142864849
10.0 -564.324257629
11.0 -577.873024538
12.0 -587.382098087
13.0 -638.563490867
14.0 -669.992910851
15.0 -720.05873569
17.0 -734.182193559
18.0 -784.248018398
19.0 -790.23476333
20.0 -826.009128382
21.0 -876.367904711
23.0 -908.690740441
25.0 -918.01152965
26.0 -968.370305978
28.0 -1010.13141596
30.0 -1033.51072547
31.0 -1092.81302802
33.0 -1095.97839946
35.0 -1113.62418594
36.0 -1160.16768216
40.0 -1216.34358037
41.0 -1232.29654209
44.0 -1233.85292728
45.0 -1269.56166117
49.0 -1305.9817872
50.0 -1313.9765582
53.0 -1396.65817026
57.0 -1433.07829629
58.0 -1439.46113282
62.0 -1446.20003784
63.0 -1446.75028443
64.0 -1472.52584923
66.0 -1502.46541257
69.0 -1513.79394582
70.0 -1539.73053165
72.0 -1572.54811541
74.0 -1591.23606131
75.0 -1613.61490528
78.0 -1629.93820756
80.0 -1633.92325242
81.0 -1669.63198632
83.0 -1682.82680271
84.0 -1689.36774025
85.0 -1712.76636605
87.0 -1717.21390137
89.0 -1750.03148513
90.0 -1758.32265702
92.0 -1771.5174734
93.0 -1786.45161116
94.0 -1813.05339057
95.0 -1821.34456245
97.0 -1825.1537574
98.0 -1838.72215583
99.0 -1857.76468847
102.0 -1875.14228186
103.0 -1901.74406126
104.0 -1918.66491607
106.0 -1919.1575432
107.0 -1938.16418729
112.0 -1984.04456025
114.0 -1999.55704202
117.0 -2003.77417008
118.0 -2007.04051865
120.0 -2023.74585209
122.0 -2049.65454304
124.0 -2061.44181766
125.0 -2064.83253086
128.0 -2079.92834742
130.0 -2095.62750019
131.0 -2100.71453857
132.0 -2114.31544609
134.0 -2150.37337173
136.0 -2151.7050324
138.0 -2163.61143906
139.0 -2210.15493528
141.0 -2214.72693783
142.0 -2215.75301592
143.0 -2232.67387072

0.0 -0.0
1.0 -98.7610550736
2.0 -173.434814033
3.0 -219.978310255
4.0 -271.778868245
5.0 -339.725346159
6.0 -363.701142112
7.0 -421.220590982
8.0 -472.401983762
9.0 -513.142864849
10.0 -524.60224727
11.0 -599.27600623
13.0 -616.722133583
14.0 -691.395892542
16.0 -706.131026688
17.0 -774.077504601
19.0 -815.838614586
20.0 -848.31673784
21.0 -865.237592648
22.0 -881.1343216
23.0 -912.506020548
26.0 -937.310219802
27.0 -968.68191875
28.0 -970.184036334
29.0 -996.49503731
31.0 -1029.31262107
32.0 -1060.68432002
36.0 -1092.3345265
37.0 -1098.95092945
38.0 -1115.41898323
39.0 -1140.71203944
42.0 -1166.46078275
43.0 -1192.2175691
45.0 -1218.35458478
46.0 -1253.92118259
48.0 -1292.59381802
49.0 -1318.1104653
51.0 -1359.87157528
55.0 -1397.13669437
59.0 -1440.2710741
60.0 -1489.13909563
64.0 -1512.39993402
72.0 -1526.40842261
75.0 -1532.36521265
76.0 -1564.41337521
79.0 -1569.63033174
81.0 -1574.20233429
82.0 -1593.20897838
85.0 -1630.37823249
89.0 -1661.14272284
94.0 -1726.73069303
95.0 -1728.34740526
102.0 -1780.63844788
103.0 -1797.55930269
107.0 -1853.73520089
111.0 -1892.43734713

0.0 -0.0
1.0 -98.7610550736
2.0 -173.434814033
3.0 -241.381291947
4.0 -287.924788169
5.0 -339.725346159
6.0 -386.268842381
7.0 -431.647620025
8.0 -478.191116247
9.0 -513.142864849
10.0 -531.329528316
11.0 -599.27600623
12.0 -609.900647719
13.0 -623.449414629
14.0 -691.395892542
15.0 -692.582259778
16.0 -699.403745642
17.0 -774.077504601
19.0 -808.727092681
20.0 -848.31673784
21.0 -894.860234062
23.0 -936.621344046
24.0 -959.04951677
26.0 -986.86263533
27.0 -992.797242249
28.0 -1028.62374531
29.0 -1051.05191804
31.0 -1092.81302802
33.0 -1107.22781624
34.0 -1117.16229802
35.0 -1152.07740078
36.0 -1158.92340801
38.0 -1173.33819623
39.0 -1179.72103276
40.0 -1215.09930621
41.0 -1221.48214274
43.0 -1245.46705615
46.0 -1261.90542797
48.0 -1266.24536861
50.0 -1318.56601365
53.0 -1338.09512843
55.0 -1379.85623841
57.0 -1400.86959956
59.0 -1405.44160211
63.0 -1416.67978956
66.0 -1450.21964143
68.0 -1454.79164398
71.0 -1479.50151528
73.0 -1498.3054582
74.0 -1507.44428522
75.0 -1511.50027459
76.0 -1519.79144647
78.0 -1563.62018343
79.0 -1574.13295447
81.0 -1578.70495702
83.0 -1593.80810876
84.0 -1600.19094529
85.0 -1615.12508304
89.0 -1652.39020213
90.0 -1667.39562771
94.0 -1673.07877406
96.0 -1691.12066641
99.0 -1721.2768124
100.0 -1740.28345648
101.0 -1754.09439616
105.0 -1756.41755698
106.0 -1756.7306492
107.0 -1801.67631121
110.0 -1865.86559392
113.0 -1871.46367455
116.0 -1909.18319845
120.0 -1914.86634479
124.0 -1951.28647082
126.0 -1982.07102722
132.0 -2003.99601803

0.0 -0.0
1.0 -98.7610550736
2.0 -173.434814033
3.0 -241.381291947
4.0 -287.924788169
5.0 -339.725346159
6.0 -386.268842381
7.0 -431.647620025
8.0 -461.342306859
9.0 -517.780761407
10.0 -547.47544824
11.0 -599.27600623
12.0 -645.819502452
14.0 -691.395892542
15.0 -713.097259713
16.0 -714.283626949
17.0 -774.077504601
18.0 -820.621000823
20.0 -841.355261863
21.0 -887.898758085
22.0 -901.73113834
23.0 -905.544544571
24.0 -952.088040793
26.0 -979.901159352
27.0 -996.82201416
28.0 -1021.66226934
29.0 -1054.14039259
30.0 -1061.01129687
31.0 -1071.78617908
32.0 -1118.3296753
35.0 -1127.96207728
36.0 -1174.5055735
37.0 -1181.35158073
40.0 -1211.77069258
41.0 -1237.52747893
44.0 -1254.90507232
45.0 -1274.79259802
48.0 -1292.1701914
49.0 -1326.29812768
50.0 -1332.68096421
53.0 -1355.19209683
56.0 -1410.90722497
59.0 -1413.57544122
60.0 -1448.17234405
61.0 -1464.12530578
64.0 -1499.67787372
65.0 -1520.30120398
70.0 -1526.22805085
71.0 -1542.2261948
72.0 -1547.07943815
74.0 -1577.86399455
78.0 -1614.28412058
79.0 -1640.88589998
81.0 -1645.45790253
84.0 -1650.16612829
87.0 -1655.76420892
89.0 -1697.43306843
93.0 -1703.11621477
94.0 -1769.56192835
97.0 -1777.83256724
102.0 -1788.80817493
105.0 -1844.52330307
109.0 -1881.78842215
112.0 -1887.38650279
117.0 -1896.50749515
121.0 -1952.68339335

0.0 -0.0
1.0 -98.7610550736
2.0 -173.434814033
3.0 -241.381291947
4.0 -271.778868245
5.0 -339.725346159
6.0 -374.05792955
7.0 -431.647620025
8.0 -455.553174373
9.0 -517.780761407
10.0 -531.329528316
11.0 -599.27600623
12.0 -605.262751161
13.0 -639.595334553
14.0 -691.395892542
15.0 -737.939388764
17.0 -774.077504601
18.0 -820.621000823
20.0 -841.355261863
21.0 -887.898758085
23.0 -915.594495101
24.0 -962.137991323
26.0 -979.901159352
28.0 -984.752262017
29.0 -1044.09044206
31.0 -1052.03001928
32.0 -1058.41285581
33.0 -1082.7925883
34.0 -1116.21930199
35.0 -1133.14015679
38.0 -1154.92144823
39.0 -1183.57395613
40.0 -1196.68255821
42.0 -1211.09734643
43.0 -1222.27610237
44.0 -1239.19695718
46.0 -1254.94371441
47.0 -1280.71927921
48.0 -1297.64013402
50.0 -1312.43436495
52.0 -1320.37394217
53.0 -1342.80211489
54.0 -1344.18373481
55.0 -1384.56322488
58.0 -1400.35963302
59.0 -1406.74246955
65.0 -1430.46750825
67.0 -1446.44376139
70.0 -1452.04184202

0.0 -0.0
1.0 -98.7610550736
2.0 -173.434814033
3.0 -241.381291947
4.0 -287.924788169
5.0 -339.725346159
6.0 -386.268842381
7.0 -431.647620025
8.0 -478.191116247
9.0 -517.780761407
10.0 -531.329528316
11.0 -570.31100256
12.0 -609.900647719
13.0 -656.444143941
14.0 -681.957618289
15.0 -720.05873569
16.0 -723.721901202
17.0 -756.196851527
18.0 -802.740347749
19.0 -806.403513262
21.0 -848.164623246
22.0 -880.6427465
23.0 -887.025583032
24.0 -922.403856484
25.0 -944.832029208
26.0 -979.783777809
27.0 -986.593139192
29.0 -995.913928401
31.0 -1025.29528543
32.0 -1042.21614024
33.0 -1072.76402503
34.0 -1087.46520567
36.0 -1112.39097017
37.0 -1124.26955469
38.0 -1170.81305091
42.0 -1174.45143086
43.0 -1186.76875075
44.0 -1224.8356452
46.0 -1226.02379414
47.0 -1242.94464895
48.0 -1276.55147785
50.0 -1277.5293238
51.0 -1294.45017861
52.0 -1315.07350887
53.0 -1321.9195161
54.0 -1361.02819469
55.0 -1369.53172507
57.0 -1411.29283505
63.0 -1418.87008115
64.0 -1435.79093596
67.0 -1441.00789249
68.0 -1453.65722054
70.0 -1479.26114779
71.0 -1497.18379069
74.0 -1509.89763431
76.0 -1522.86911796
77.0 -1540.65400251
79.0 -1564.42282418
82.0 -1570.02090482
83.0 -1590.09158945
88.0 -1594.72807259
89.0 -1625.97359716
92.0 -1655.38848002
94.0 -1661.93275502
97.0 -1705.67230763
98.0 -1722.59316244
102.0 -1728.27630879
106.0 -1802.99266126

0.0 -0.0
1.0 -98.7610550736
2.0 -173.434814033
3.0 -241.381291947
4.0 -287.924788169
5.0 -339.725346159
6.0 -386.268842381
7.0 -425.85848754
8.0 -472.401983762
9.0 -517.780761407
10.0 -564.324257629
11.0 -599.27600623
12.0 -645.819502452
13.0 -662.74035726
14.0 -691.395892542
15.0 -737.939388764
17.0 -779.700498749
18.0 -805.217146026
19.0 -822.138000834
22.0 -851.829358674
23.0 -887.464232363
24.0 -893.847068895
25.0 -896.785021572
27.0 -914.851264106
28.0 -945.668553179
29.0 -981.495056244
32.0 -1025.39100575
34.0 -1029.9630083
35.0 -1051.43819551
36.0 -1062.78059206
39.0 -1087.85832153
41.0 -1120.67590529
42.0 -1135.56373274
43.0 -1144.03421974
45.0 -1155.06300396
46.0 -1171.98385877
48.0 -1197.60945185
50.0 -1197.68634873
51.0 -1218.90629713
52.0 -1219.34693709
53.0 -1264.96410599
56.0 -1270.56218663
57.0 -1286.11097955
59.0 -1334.75146933
62.0 -1353.65477669
65.0 -1362.07824488
66.0 -1392.35692293
67.0 -1401.01396731
69.0 -1405.35390795
70.0 -1422.27476275
72.0 -1464.03587274
73.0 -1486.46404546
78.0 -1493.05888598
81.0 -1505.7727296
82.0 -1510.76525374
84.0 -1514.44118508
88.0 -1515.570166
89.0 -1537.68986565
90.0 -1544.07270218
91.0 -1578.66055837
94.0 -1582.77484843
100.0 -1592.20893301
101.0 -1690.96998809

0.0 -0.0
1.0 -98.7610550736
2.0 -173.434814033
3.0 -241.381291947
4.0 -287.924788169
5.0 -339.725346159
6.0 -369.420032992
7.0 -431.647620025
8.0 -449.834283493
9.0 -517.780761407
10.0 -531.329528316
11.0 -599.27600623
12.0 -609.900647719
13.0 -651.806247383
14.0 -691.395892542
15.0 -737.939388764
16.0 -739.125756
17.0 -774.077504601
18.0 -820.621000823
20.0 -841.355261863
21.0 -887.898758085
23.0 -915.594495101
25.0 -940.319139108
28.0 -1007.59689637
29.0 -1024.51775118
32.0 -1088.70703388
33.0 -1135.25053011
36.0 -1144.88293209
37.0 -1160.83589381
40.0 -1196.38846175
41.0 -1217.01179201
43.0 -1237.86317931
45.0 -1270.68076307
47.0 -1273.79006334
49.0 -1292.97905734
50.0 -1313.60230445
51.0 -1325.7966411
52.0 -1332.17947763
53.0 -1344.484587
54.0 -1360.38131595
55.0 -1377.30217076
56.0 -1383.68500729
61.0 -1388.6891433
62.0 -1405.60999811
64.0 -1410.60657896
66.0 -1432.99700032
67.0 -1478.80314276
68.0 -1525.34663898
69.0 -1543.70452095
72.0 -1564.04878522
73.0 -1592.70129312
74.0 -1609.62214793
77.0 -1631.40343936
78.0 -1648.32429417
81.0 -1649.5896261
83.0 -1654.16162865
85.0 -1700.61533679
86.0 -1717.5361916
89.0 -1723.13427223
91.0 -1726.81020358
92.0 -1737.69053215
94.0 -1782.91583578
96.0 -1790.42402037
99.0 -1796.022101
105.0 -1817.94709182
110.0 -1832.23108874
115.0 -1850.12743776
118.0 -1862.84128138
122.0 -1899.26140741
125.0 -1915.73742055
127.0 -1920.3094231

0.0 -0.0
1.0 -98.7610550736
2.0 -173.434814033
3.0 -241.381291947
4.0 -271.778868245
5.0 -339.725346159
6.0 -386.268842381
7.0 -431.647620025
8.0 -478.191116247
9.0 -513.142864849
10.0 -559.686361071
11.0 -570.31100256
12.0 -609.900647719
13.0 -651.806247383
15.0 -692.582259778
16.0 -739.125756
17.0 -774.077504601
18.0 -780.460341133
19.0 -803.315038708
21.0 -831.128157268
22.0 -866.079905869
24.0 -895.317439976
25.0 -900.585004269
26.0 -976.812684799
28.0 -984.752262017
29.0 -1026.20978899
30.0 -1036.83443048
31.0 -1048.94154472
32.0 -1118.3296753
36.0 -1155.59479438
37.0 -1190.45853522
39.0 -1232.21964521
41.0 -1246.63443343
44.0 -1252.88083141
46.0 -1287.54240613
48.0 -1329.30351612
50.0 -1339.04793579
53.0 -1351.76177942
54.0 -1375.46806182
55.0 -1393.5228894
57.0 -1400.44079052
59.0 -1401.29633544
60.0 -1404.65791858
61.0 -1456.61668872
65.0 -1459.13287219
66.0 -1471.86260101
68.0 -1480.62518391
69.0 -1493.18655115
72.0 -1554.72220955
74.0 -1561.05321664
75.0 -1567.43605317
77.0 -1569.31585461
79.0 -1616.11506427
81.0 -1622.44607137
82.0 -1628.8289079
85.0 -1633.04603596
86.0 -1649.96689077
89.0 -1671.7481822
92.0 -1694.43889069
94.0 -1715.34653495
96.0 -1716.43894712
97.0 -1752.14768102
99.0 -1762.65911609
100.0 -1782.55121738
101.0 -1788.56780705
105.0 -1791.84897286
109.0 -1828.26909888
111.0 -1837.69290252
113.0 -1865.53421797
114.0 -1891.29100432
118.0 -1893.56598945
120.0 -1926.38357321
124.0 -1982.55947141
128.0 -2019.8245905

0.0 -0.0
1.0 -98.7610550736
2.0 -173.434814033
3.0 -241.381291947
4.0 -287.924788169
5.0 -339.725346159
6.0 -386.268842381
7.0 -431.647620025
8.0 -478.191116247
9.0 -517.780761407
10.0 -531.329528316
11.0 -599.27600623
12.0 -616.196861038
13.0 -641.037116214
14.0 -691.395892542
15.0 -737.939388764
17.0 -758.673649804
18.0 -772.506030058
19.0 -800.434759788
20.0 -822.862932511
22.0 -864.624042496
24.0 -872.563619714
25.0 -926.068591913
26.0 -951.58523919
27.0 -968.506093998
28.0 -993.346349174
30.0 -1018.07099318
31.0 -1076.02796123
33.0 -1085.34875044
34.0 -1107.77692317
36.0 -1149.53803315
40.0 -1174.98160559
42.0 -1216.74271558
44.0 -1218.74993058
45.0 -1246.62190406
48.0 -1257.4320763
49.0 -1274.35293111
50.0 -1299.19318628
51.0 -1316.11404109
55.0 -1350.54874423
56.0 -1366.39786871
57.0 -1383.31872352
58.0 -1398.41363349
63.0 -1433.77865899
65.0 -1463.71822233
67.0 -1480.71413249
69.0 -1500.98334142
70.0 -1563.39574454
86.0 -1593.69427215
87.0 -1610.94278706
88.0 -1685.61654602
97.0 -1705.75325754
102.0 -1723.64960656
105.0 -1786.15275636
114.0 -1816.45800476

0.0 -0.0
1.0 -98.7610550736
2.0 -173.434814033
3.0 -241.381291947
4.0 -287.924788169
5.0 -339.725346159
6.0 -379.847062036
7.0 -419.436707195
8.0 -465.980203417
9.0 -489.650498669
10.0 -559.686361071
12.0 -645.819502452
13.0 -651.806247383
14.0 -691.395892542
15.0 -737.939388764
17.0 -774.077504601
18.0 -820.621000823
20.0 -838.034729786
22.0 -853.321099538
23.0 -912.623402091
25.0 -945.440985851
28.0 -984.752262017
29.0 -996.946515513
30.0 -1017.56984578
31.0 -1023.95268231
32.0 -1036.25779168
33.0 -1052.10691616
34.0 -1069.07537544
35.0 -1084.92449992
36.0 -1091.30733645
37.0 -1133.26465815
38.0 -1159.16373316
39.0 -1161.80918353
40.0 -1174.73937571
41.0 -1178.19113957
42.0 -1200.61931229
44.0 -1226.24490537
45.0 -1245.1825044
46.0 -1268.00601535
47.0 -1300.48413861
52.0 -1309.87353303
53.0 -1334.19329222
55.0 -1340.25601163
56.0 -1349.47264645
58.0 -1382.29023021
61.0 -1406.95740394
63.0 -1423.13515007
65.0 -1446.55651735
67.0 -1464.5907292
69.0 -1524.3051547
74.0 -1525.98358393
77.0 -1600.22281716
78.0 -1606.6056537
86.0 -1629.07027406
87.0 -1651.32996288
88.0 -1655.30660892
89.0 -1678.62777885
91.0 -1682.4112549
93.0 -1734.80367705
96.0 -1740.02063358
97.0 -1773.5058233
98.0 -1775.71164976
99.0 -1814.25986682
103.0 -1851.5249859
108.0 -1911.34373772
112.0 -1948.60885681

0.0 -0.0
1.0 -98.7610550736
2.0 -173.434814033
3.0 -219.978310255
4.0 -271.778868245
5.0 -339.725346159
6.0 -386.268842381
7.0 -404.455505848
8.0 -472.401983762
9.0 -496.377779715
10.0 -553.897228585
11.0 -577.873024538
13.0 -623.449414629
14.0 -645.150781799
15.0 -646.337149035
16.0 -706.131026688
17.0 -727.832393858
18.0 -732.221329402
19.0 -755.528130875
20.0 -773.982439386
21.0 -815.404088865
23.0 -848.221672625
24.0 -879.710753116
26.0 -907.406490132
28.0 -940.224073892
29.0 -986.767570114
30.0 -1049.35800635
34.0 -1082.25248699
36.0 -1088.43242604
38.0 -1121.2500098
40.0 -1167.70256515
42.0 -1209.46367513
43.0 -1226.38452994
47.0 -1235.72984042
49.0 -1268.54742418
51.0 -1297.1344255
55.0 -1316.12933924
56.0 -1341.90490404
57.0 -1348.946923
59.0 -1354.83148548
60.0 -1362.43131606
62.0 -1409.10958646
65.0 -1420.71673889
67.0 -1424.31928115
69.0 -1434.69001634
71.0 -1467.5076001
72.0 -1513.69698611
76.0 -1530.52950554
78.0 -1534.97704086
79.0 -1547.90709892
80.0 -1567.79462462
81.0 -1568.67508465
82.0 -1578.11142059
84.0 -1610.92900435
85.0 -1612.83000453
87.0 -1668.05271782
93.0 -1693.22950334
96.0 -1717.40602086
97.0 -1733.66270061
98.0 -1808.33645957
115.0 -1831.77393798

0.0 -0.0
1.0 -98.7610550736
2.0 -173.434814033
3.0 -241.381291947
4.0 -287.924788169
5.0 -339.725346159
6.0 -386.268842381
7.0 -431.647620025
8.0 -478.191116247
9.0 -517.780761407
10.0 -564.324257629
11.0 -599.27600623
12.0 -645.819502452
13.0 -662.74035726
14.0 -691.395892542
15.0 -737.939388764
16.0 -754.860243573
17.0 -774.077504601
18.0 -820.621000823
19.0 -837.541855632
20.0 -848.31673784
22.0 -881.1343216
23.0 -912.623402091
24.0 -929.544256899
25.0 -935.927093431
27.0 -976.948472819
28.0 -989.566002576
29.0 -996.898911042
30.0 -1071.0612474
32.0 -1072.03909335
33.0 -1135.25053011
36.0 -1147.12063981
37.0 -1164.04149462
39.0 -1205.80260461
40.0 -1228.23077733
42.0 -1231.39614876
43.0 -1257.30813427
44.0 -1279.73630699
47.0 -1337.34654146
49.0 -1345.28611867
52.0 -1357.9999623
55.0 -1366.52267993
56.0 -1414.1758605
58.0 -1425.20464472
60.0 -1427.21185972
61.0 -1434.41579192
64.0 -1478.71738938
69.0 -1541.73929482
74.0 -1544.32737218
76.0 -1572.51743117
80.0 -1575.39415248
81.0 -1584.81949138
85.0 -1623.52163763
86.0 -1629.90447416
92.0 -1658.69697093
93.0 -1691.29732888
95.0 -1699.02374465
96.0 -1714.87286913
97.0 -1721.25570566
100.0 -1766.37839879
106.0 -1780.48285192
110.0 -1831.98838158
114.0 -1843.40859877

0.0 -0.0
1.0 -98.7610550736
2.0 -173.434814033
3.0 -241.381291947
4.0 -271.778868245
5.0 -339.725346159
6.0 -363.701142112
7.0 -431.647620025
8.0 -472.401983762
9.0 -517.780761407
10.0 -564.324257629
11.0 -599.27600623
12.0 -645.819502452
13.0 -662.74035726
14.0 -691.395892542
15.0 -710.00878516
16.0 -745.421969319
17.0 -774.077504601
18.0 -787.336492951
19.0 -787.534105397
20.0 -841.355261863
21.0 -879.456379264
23.0 -915.594495101
25.0 -918.158525506
26.0 -979.783777809
28.0 -989.104567018
30.0 -989.182014058
31.0 -1042.80568324
32.0 -1046.98846023
33.0 -1061.23342694
35.0 -1066.86160659
36.0 -1134.80808451
38.0 -1135.78593046
39.0 -1161.14875864
40.0 -1172.07320359
42.0 -1202.01276693
43.0 -1227.78833173
44.0 -1243.77387692
47.0 -1269.36742108
48.0 -1275.75025761
50.0 -1282.0812647
51.0 -1285.12166878
52.0 -1296.63804455
53.0 -1347.87911753
56.0 -1348.14357421
57.0 -1354.52641074
58.0 -1357.46436342
61.0 -1440.14597548
69.0 -1448.15044097
70.0 -1494.69393719
73.0 -1499.65597063
74.0 -1546.19946685
76.0 -1570.92411086
80.0 -1592.63621785
82.0 -1625.45380161
85.0 -1659.99087199
86.0 -1664.15594785
89.0 -1689.72008876
95.0 -1711.64507958
98.0 -1720.02533716
104.0 -1756.74267455
109.0 -1819.76457998
113.0 -1825.44772633
114.0 -1831.83056286
115.0 -1841.14687909
116.0 -1887.05432812
119.0 -1892.65240875
120.0 -1899.03524529
124.0 -1910.54875778
125.0 -1914.57739957
126.0 -1920.9602361
127.0 -1967.50373233
130.0 -1981.93205371

0.0 -0.0
1.0 -98.7610550736
2.0 -173.434814033
3.0 -241.381291947
4.0 -287.924788169
5.0 -339.725346159
6.0 -386.268842381
7.0 -431.647620025
8.0 -478.191116247
9.0 -517.780761407
10.0 -553.897228585
11.0 -599.27600623
12.0 -645.819502452
13.0 -662.74035726
14.0 -691.395892542
15.0 -737.939388764
17.0 -774.077504601
18.0 -812.178622003
19.0 -818.561458534
20.0 -848.31673784
21.0 -879.456379264
22.0 -893.288759519
23.0 -915.594495101
24.0 -962.137991323
26.0 -971.458780532
27.0 -988.37963534
28.0 -1013.21989052
29.0 -1054.14039259
32.0 -1069.39578872
33.0 -1105.64592225
34.0 -1126.26925252
37.0 -1153.50347634
39.0 -1176.30100139
41.0 -1209.67937455
43.0 -1214.2513771
44.0 -1267.39344625
46.0 -1269.28124861
47.0 -1291.70942134
48.0 -1298.09225787
52.0 -1347.79294507
54.0 -1349.59205511
55.0 -1357.42534705
56.0 -1403.96884327
61.0 -1480.17457757
67.0 -1527.75649262
69.0 -1560.57407638
75.0 -1584.05688698
76.0 -1605.38143984
79.0 -1622.75903322
84.0 -1647.00155548
85.0 -1658.64104093
86.0 -1684.15188795
88.0 -1684.26667456
89.0 -1695.64686199
92.0 -1716.2134529
94.0 -1723.85317979
98.0 -1761.11829887

0.0 -0.0
1.0 -98.7610550736
2.0 -173.434814033
3.0 -241.381291947
4.0 -287.924788169
5.0 -333.303565814
6.0 -386.268842381
7.0 -431.647620025
8.0 -478.191116247
9.0 -513.142864849
10.0 -559.686361071
12.0 -601.447471055
13.0 -633.925594309
14.0 -650.846449117
15.0 -675.686704293
16.0 -716.607206368
17.0 -722.9900429
18.0 -762.579688059
19.0 -808.727092681
21.0 -854.699574371
22.0 -866.079905869
23.0 -872.462742401
24.0 -921.977331633
26.0 -946.701975639
29.0 -1013.9797329
33.0 -1014.84009381
34.0 -1020.58212237
35.0 -1052.22269794
36.0 -1070.56450541
37.0 -1076.94734194
39.0 -1160.89738365
40.0 -1187.33213087
41.0 -1193.71496741
43.0 -1239.2913575
44.0 -1285.83485372
51.0 -1304.68797482
52.0 -1355.04675114
58.0 -1381.78704864
60.0 -1386.98847381
61.0 -1473.90693495
62.0 -1501.77890843
66.0 -1514.81490765
70.0 -1570.99080586
80.0 -1598.9257496
81.0 -1615.84660441
83.0 -1657.60771439

0.0 -0.0
1.0 -98.7610550736
2.0 -173.434814033
3.0 -241.381291947
4.0 -271.778868245
5.0 -339.725346159
6.0 -363.701142112
7.0 -431.647620025
8.0 -449.834283493
9.0 -517.780761407
10.0 -564.324257629
11.0 -599.27600623
12.0 -609.900647719
13.0 -626.821502527
14.0 -691.395892542
15.0 -737.939388764
16.0 -754.860243573
17.0 -774.077504601
18.0 -792.690397219
19.0 -803.315038708
20.0 -841.355261863
21.0 -884.810283531
24.0 -952.088040793
26.0 -976.812684799
28.0 -1015.22541497
31.0 -1082.50317223
37.0 -1131.89832858
40.0 -1137.49640922
42.0 -1177.47666983
45.0 -1190.19051345
46.0 -1228.98219949
47.0 -1261.08587088
49.0 -1303.22143273
51.0 -1312.59140055
53.0 -1321.96244671
55.0 -1322.03934359
56.0 -1358.16974179
57.0 -1383.62093154
58.0 -1400.54178635
60.0 -1409.67527145
62.0 -1410.65311741
64.0 -1438.01413604
67.0 -1441.67031364
68.0 -1494.19003425
69.0 -1505.36879019
72.0 -1515.00119217
73.0 -1561.54468839
77.0 -1600.24683463
78.0 -1606.62967116
81.0 -1616.66934913
83.0 -1646.62769092
87.0 -1677.1714731
88.0 -1709.64959635
95.0 -1727.56419704
100.0 -1819.56659831
108.0 -1826.79668425
114.0 -1902.7598379
117.0 -1915.48735495
121.0 -1916.46284916
127.0 -1923.34655724
136.0 -1943.48326876

0.0 -0.0
1.0 -98.7610550736
2.0 -173.434814033
3.0 -241.381291947
4.0 -287.924788169
5.0 -333.303565814
6.0 -369.420032992
7.0 -419.436707195
8.0 -449.834283493
9.0 -517.780761407
10.0 -547.47544824
11.0 -599.27600623
12.0 -609.900647719
13.0 -639.595334553
14.0 -691.395892542
15.0 -697.778729074
16.0 -706.873091814
17.0 -774.077504601
18.0 -780.460341133
19.0 -797.381195941
20.0 -820.503515778
21.0 -854.699574371
22.0 -890.077847824
23.0 -915.594495101
24.0 -921.977331633
25.0 -933.35766313
26.0 -979.901159352
27.0 -993.245471861
28.0 -997.546945838
29.0 -1035.00658185
30.0 -1049.35800635
31.0 -1055.74084288
32.0 -1102.28433911
34.0 -1119.93012559
35.0 -1132.65208905
37.0 -1174.41319903
39.0 -1187.28477974
42.0 -1192.88286037
43.0 -1241.61788146
51.0 -1248.04432848
53.0 -1307.50758431
57.0 -1312.6977778
59.0 -1317.63228202
60.0 -1401.002384
63.0 -1433.63464154
66.0 -1441.31361297
67.0 -1489.81053974
69.0 -1493.50833481
70.0 -1540.05183103
71.0 -1556.97268584
75.0 -1557.94818005
76.0 -1575.93383874
77.0 -1599.70929003
80.0 -1673.94852327
91.0 -1678.03524872
99.0 -1760.34308289
100.0 -1766.72591942
106.0 -1773.15445969
107.0 -1840.7425817
115.0 -1880.44387354

0.0 -0.0
1.0 -98.7610550736
2.0 -173.434814033
3.0 -241.381291947
4.0 -271.778868245
5.0 -318.322364467
6.0 -363.701142112
7.0 -410.244638334
8.0 -449.834283493
9.0 -517.780761407
10.0 -531.329528316
11.0 -541.954169806
12.0 -600.462373466
13.0 -647.005869688
14.0 -681.957618289
16.0 -706.131026688
17.0 -758.673649804
19.0 -778.472909657
20.0 -813.424658258
21.0 -824.049299747
22.0 -847.587576518
23.0 -905.544544571
25.0 -930.269188577
26.0 -979.783777809
28.0 -997.546945838
29.0 -1044.09044206
31.0 -1071.78617908
35.0 -1127.96207728
38.0 -1141.17431297
40.0 -1200.0909372
41.0 -1217.01179201
44.0 -1230.16779493
45.0 -1236.55063146
47.0 -1269.4790711
48.0 -1286.3999259
49.0 -1290.33045839
50.0 -1306.28342012
51.0 -1323.14804215
53.0 -1336.68375352
54.0 -1362.45931832
56.0 -1395.27690208
59.0 -1429.81397246
66.0 -1468.16473085
69.0 -1495.42395525
73.0 -1546.92948491
79.0 -1548.5974441
80.0 -1572.43999681
81.0 -1578.82283334
85.0 -1585.18921703
87.0 -1617.80934153
88.0 -1620.81603257
89.0 -1637.73688738
91.0 -1642.30888993
93.0 -1643.42003372
94.0 -1650.80596433
95.0 -1660.16283508
96.0 -1699.12974211
99.0 -1710.62471615
102.0 -1749.87975954
105.0 -1755.09671607
106.0 -1772.01757088
108.0 -1801.32134871
111.0 -1884.00296077
128.0 -1908.77720393
131.0 -1914.37528457
137.0 -1939.08245234

0.0 -0.0
1.0 -98.7610550736
2.0 -173.434814033
3.0 -241.381291947
4.0 -287.924788169
5.0 -339.725346159
6.0 -386.268842381
7.0 -431.647620025
8.0 -478.191116247
9.0 -517.780761407
10.0 -564.324257629
11.0 -564.521870074
12.0 -609.900647719
13.0 -656.444143941
14.0 -691.395892542
15.0 -698.205253926
16.0 -733.157002527
17.0 -774.077504601
18.0 -820.621000823
20.0 -848.31673784
21.0 -887.898758085
23.0 -915.594495101
24.0 -952.088040793
26.0 -979.783777809
28.0 -987.723355027
29.0 -1019.44269494
30.0 -1021.62178467
31.0 -1077.83280369
32.0 -1093.68192817
35.0 -1106.3957718
36.0 -1145.18745784
37.0 -1165.8107881
38.0 -1180.9019432
42.0 -1219.60408945
45.0 -1236.22470413
47.0 -1277.98581411
48.0 -1294.90666892
51.0 -1308.29476014
53.0 -1316.62420294
54.0 -1323.00703947
57.0 -1350.87364288
61.0 -1376.56177349
63.0 -1409.52236052
64.0 -1421.63064765
66.0 -1422.14011474
67.0 -1427.22872829
68.0 -1473.13617731
71.0 -1514.142516
75.0 -1543.63598653
76.0 -1555.1523623
79.0 -1560.75044294
80.0 -1606.65789196
83.0 -1612.2559726
85.0 -1653.48001383
88.0 -1659.07809447
90.0 -1664.19023198
91.0 -1675.40500465
92.0 -1692.32585946
94.0 -1694.96010218
96.0 -1699.06372587
97.0 -1724.37498504
103.0 -1792.04397309

0.0 -0.0
1.0 -98.7610550736
2.0 -173.434814033
3.0 -197.105109285
4.0 -271.778868245
5.0 -289.027383152
6.0 -363.701142112
7.0 -431.647620025
8.0 -449.834283493
9.0 -517.780761407
10.0 -564.324257629
11.0 -599.27600623
12.0 -645.819502452
13.0 -647.005869688
14.0 -687.580612436
15.0 -728.501114511
17.0 -737.821903719
18.0 -744.204740251
19.0 -783.39829381
20.0 -790.329638757
22.0 -832.090748741
23.0 -864.568871996
24.0 -934.207387718
27.0 -940.076647605
28.0 -979.666292764
29.0 -1026.20978899
30.0 -1043.13064379
33.0 -1077.71531865
34.0 -1094.63617346
35.0 -1119.47642863
36.0 -1127.45375722
38.0 -1133.3383197
40.0 -1174.91521971
41.0 -1199.58261714
43.0 -1205.46717962
44.0 -1282.59554896
46.0 -1312.55389075
48.0 -1319.01567499
50.0 -1348.97401678
53.0 -1349.17388252
54.0 -1404.75615776
55.0 -1411.99592221
58.0 -1441.17628379
60.0 -1471.13462558
61.0 -1497.73640498
65.0 -1534.15653101
70.0 -1544.02245435
71.0 -1548.26098414
73.0 -1584.09454414
74.0 -1599.45342158
75.0 -1607.04435978
77.0 -1608.31814475
78.0 -1639.82013944
81.0 -1664.49404295
82.0 -1671.34005018
83.0 -1675.52282717
85.0 -1677.53004217
86.0 -1697.00881544
88.0 -1712.70796821
92.0 -1764.21349787
101.0 -1767.16710227

0.0 -0.0
1.0 -98.7610550736
2.0 -173.434814033
3.0 -241.381291947
4.0 -287.924788169
5.0 -339.725346159
6.0 -386.268842381
7.0 -425.85848754
8.0 -472.401983762
9.0 -507.353732363
10.0 -564.324257629
11.0 -599.27600623
12.0 -645.819502452
13.0 -646.017114897
14.0 -691.395892542
15.0 -737.939388764
17.0 -765.635125781
18.0 -770.459836941
19.0 -792.888009664
21.0 -802.208798873
22.0 -807.724956024
23.0 -814.107792556
24.0 -884.890410932
26.0 -892.654795534
27.0 -908.622639684
28.0 -936.395940594
29.0 -956.844078242
32.0 -1024.1218355
35.0 -1033.75423748
36.0 -1080.29773371
39.0 -1154.53696694
42.0 -1167.25081057
47.0 -1198.78950867
49.0 -1240.55061865
51.0 -1254.16072264
55.0 -1291.42584172
58.0 -1296.17252873
59.0 -1313.09338353
60.0 -1326.95708512
61.0 -1343.87793993
64.0 -1380.11651242
65.0 -1380.29806596
68.0 -1407.02558289
69.0 -1430.73186529
72.0 -1443.44570892
73.0 -1456.49890833
74.0 -1484.14012285
75.0 -1517.68494216
78.0 -1523.85356248
79.0 -1547.16202829
80.0 -1582.02576913
84.0 -1619.29088821
89.0 -1624.82406284
90.0 -1643.01592691
93.0 -1663.52620908
94.0 -1692.17871698
96.0 -1700.18657008
98.0 -1713.95221214
102.0 -1750.37233817
105.0 -1814.56162088
110.0 -1866.83216555
113.0 -1920.0962495
117.0 -1970.53004884
118.0 -1987.45090364

0.0 -0.0
1.0 -98.7610550736
2.0 -173.434814033
3.0 -241.381291947
4.0 -287.924788169
5.0 -339.725346159
6.0 -386.268842381
7.0 -431.647620025
8.0 -478.191116247
9.0 -517.780761407
10.0 -564.324257629
11.0 -581.245112437
12.0 -609.900647719
13.0 -656.444143941
14.0 -691.395892542
15.0 -737.939388764
16.0 -744.322225296
17.0 -770.756972524
18.0 -812.178622003
19.0 -818.561458534
20.0 -853.939731987
21.0 -894.860234062
24.0 -917.765959926
26.0 -942.490603933
27.0 -968.00725121
28.0 -969.271489588
29.0 -1009.76836119
31.0 -1042.58594495
33.0 -1047.03348028
34.0 -1081.89722112
35.0 -1105.26081495
37.0 -1112.15823275
38.0 -1135.56619218
39.0 -1160.46882006
40.0 -1177.38967487
41.0 -1193.28640382
42.0 -1210.20725863
44.0 -1213.8098009
46.0 -1247.47237771
49.0 -1260.18622134
50.0 -1279.41915606
51.0 -1301.94733132
54.0 -1327.87187653
55.0 -1337.60007557
58.0 -1376.65250236
59.0 -1423.19599858
63.0 -1439.67440779
65.0 -1459.07800629
68.0 -1488.49288915
69.0 -1488.80598137
74.0 -1524.37489686
75.0 -1541.29575167
80.0 -1548.09993556
81.0 -1616.04641347
84.0 -1623.59625066
94.0 -1636.88415791
103.0 -1657.02086944

0.0 -0.0
1.0 -98.7610550736
2.0 -173.434814033
3.0 -219.978310255
4.0 -271.778868245
5.0 -339.725346159
6.0 -363.701142112
7.0 -431.647620025
8.0 -449.834283493
9.0 -496.377779715
10.0 -531.329528316
11.0 -577.873024538
12.0 -594.793879346
13.0 -610.690608298
14.0 -669.992910851
15.0 -692.582259778
16.0 -739.125756
17.0 -756.046610809
18.0 -766.821493017
19.0 -780.370259926
20.0 -848.31673784
22.0 -881.1343216
23.0 -927.677817822
26.0 -962.214888205
27.0 -1003.78349014
28.0 -1019.68021909
30.0 -1037.32600558
31.0 -1083.8695018
34.0 -1108.72993382
39.0 -1164.26900061
41.0 -1201.71018105
46.0 -1209.70410784
47.0 -1226.62496265
50.0 -1290.81424536
51.0 -1337.35774158
54.0 -1342.95582222
55.0 -1373.77786761
59.0 -1384.82970185
61.0 -1435.93606944
65.0 -1439.3878504
68.0 -1481.91357275
70.0 -1514.73115651
77.0 -1518.37110709
79.0 -1540.76152845
81.0 -1573.57911221
82.0 -1575.48011238
84.0 -1579.17719284
85.0 -1583.75075127
86.0 -1604.37408154
90.0 -1655.8796112
91.0 -1691.56193558
96.0 -1691.76161891
100.0 -1711.6986471
106.0 -1735.4236858
109.0 -1776.99553767

0.0 -0.0
1.0 -98.7610550736
2.0 -173.434814033
3.0 -241.381291947
4.0 -287.924788169
5.0 -339.725346159
6.0 -386.268842381
7.0 -431.647620025
8.0 -478.191116247
9.0 -517.780761407
10.0 -559.686361071
11.0 -599.27600623
12.0 -645.819502452
13.0 -651.806247383
14.0 -691.395892542
15.0 -737.939388764
16.0 -754.860243573
17.0 -774.077504601
18.0 -812.178622003
20.0 -853.939731987
21.0 -894.860234062
22.0 -901.243070593
23.0 -936.621344046
24.0 -962.137991323
25.0 -965.432353301
26.0 -1003.89910131
27.0 -1010.28193784
28.0 -1036.71668507
29.0 -1068.08838402
31.0 -1092.81302802
32.0 -1118.3296753
34.0 -1160.09078528
38.0 -1211.59631494
40.0 -1215.26273448
41.0 -1246.63443343
42.0 -1246.97389393
43.0 -1279.45201719
45.0 -1321.21312717
49.0 -1346.65669961
52.0 -1414.19337439
54.0 -1418.29699808
57.0 -1426.56763697
59.0 -1441.56069344
62.0 -1498.69649689
63.0 -1505.07933342
64.0 -1513.68955336
66.0 -1517.79317705
68.0 -1538.64456434
69.0 -1554.59752607
70.0 -1569.29870671
72.0 -1582.90145079
73.0 -1610.77342427
75.0 -1615.34542682
76.0 -1620.16656987
77.0 -1623.80942349
78.0 -1678.12807841
81.0 -1679.9853217
82.0 -1704.53659716
85.0 -1735.18818443
89.0 -1755.95258702
99.0 -1768.48850614
100.0 -1773.00986199
106.0 -1781.29988294
109.0 -1784.31528266
112.0 -1848.50456537

0.0 -0.0
1.0 -98.7610550736
2.0 -173.434814033
3.0 -241.381291947
4.0 -287.924788169
5.0 -339.725346159
6.0 -386.268842381
7.0 -425.85848754
8.0 -472.401983762
9.0 -507.353732363
10.0 -553.897228585
11.0 -555.083595821
12.0 -600.462373466
13.0 -647.005869688
14.0 -647.203482133
15.0 -737.939388764
16.0 -754.860243573
17.0 -774.077504601
18.0 -820.621000823
20.0 -862.382110808
21.0 -884.810283531
23.0 -887.975654966
24.0 -901.08425705
25.0 -918.005111858
26.0 -930.522102854
27.0 -955.36235803
28.0 -980.879005307
29.0 -994.711385562
30.0 -1005.60364931
31.0 -1055.11823855
33.0 -1069.79293202
35.0 -1074.36493457
36.0 -1086.06690554
37.0 -1121.29846168
40.0 -1175.77283552
41.0 -1177.47435989
43.0 -1250.01206876
47.0 -1257.93761611
49.0 -1290.75519987
51.0 -1295.2027352
55.0 -1331.62286122
57.0 -1339.87597934
59.0 -1341.69602158
60.0 -1361.13677479
62.0 -1402.89788477
63.0 -1419.81873958
68.0 -1438.77989248
71.0 -1444.37797312
72.0 -1476.04501157
77.0 -1493.94136059
78.0 -1497.97000238
81.0 -1558.34551056
87.0 -1580.27050138
92.0 -1581.34759721
93.0 -1587.73043375
95.0 -1629.49154373
96.0 -1661.96966698
101.0 -1724.99157242
127.0 -1783.56834443

0.0 -0.0
1.0 -98.7610550736
2.0 -173.434814033
3.0 -241.381291947
4.0 -271.778868245
5.0 -339.725346159
6.0 -369.420032992
7.0 -431.647620025
8.0 -461.342306859
9.0 -517.780761407
10.0 -523.767506338
11.0 -559.883973516
12.0 -605.262751161
13.0 -651.806247383
15.0 -679.5019844
16.0 -726.045480622
17.0 -732.428317153
18.0 -762.183596459
19.0 -793.323237883
21.0 -829.46135372
22.0 -846.382208528
23.0 -862.27893748
24.0 -885.325639151
26.0 -886.303485105
27.0 -913.784467142
28.0 -936.831168812
30.0 -937.017851141
31.0 -952.841934348
32.0 -974.5831778
33.0 -1001.20713385
35.0 -1087.34027523
37.0 -1095.27985245
39.0 -1118.97226355
40.0 -1159.46913516
42.0 -1180.32052245
43.0 -1181.58476083
44.0 -1210.97466482
47.0 -1252.44938238
48.0 -1273.5871621
50.0 -1281.52673932
51.0 -1303.95491204
53.0 -1345.71602202
56.0 -1347.57326531
58.0 -1365.34776677
59.0 -1373.16680946
61.0 -1414.92791945
62.0 -1442.79989293
68.0 -1461.85748016
73.0 -1475.64884107
74.0 -1483.78247098
76.0 -1501.558772
77.0 -1527.15437073
79.0 -1559.97195449
83.0 -1594.35905315

