0.0 -0.0
1.0 -98.7610550736
2.0 -173.434814033
3.0 -241.381291947
4.0 -265.3570879
5.0 -339.725346159
6.0 -386.268842381
7.0 -431.647620025
8.0 -478.191116247
9.0 -517.780761407
10.0 -564.324257629
11.0 -581.245112437
12.0 -609.900647719
13.0 -656.444143941
14.0 -673.364998749
15.0 -737.939388764
16.0 -754.860243573
17.0 -756.046610809
18.0 -820.621000823
19.0 -837.541855632
20.0 -853.939731987
21.0 -884.810283531
22.0 -901.73113834
23.0 -921.217489248
24.0 -943.645661972
25.0 -979.058846131
26.0 -1003.89910131
27.0 -1020.81995612
28.0 -1043.24812884
30.0 -1085.00923882
33.0 -1097.72308245
34.0 -1104.10591898
35.0 -1108.9373243
36.0 -1144.35050846
37.0 -1171.55288697
39.0 -1208.53979117
41.0 -1216.47936839
42.0 -1238.90754111
44.0 -1280.66865109
45.0 -1316.49515416
49.0 -1372.67105236
55.0 -1439.87573479
59.0 -1445.55888113
65.0 -1455.39370601
67.0 -1488.21128977
71.0 -1524.6314158
78.0 -1543.56675634
80.0 -1547.38604046
81.0 -1553.768877
87.0 -1577.4939157

0.0 -0.0
1.0 -98.7610550736
2.0 -173.434814033
3.0 -213.251029209
4.0 -271.778868245
5.0 -327.514433328
6.0 -379.847062036
7.0 -398.033725503
8.0 -425.423452127
9.0 -466.177815863
10.0 -511.556593508
11.0 -558.10008973
13.0 -592.217607091
14.0 -632.339322968
15.0 -662.736899266
16.0 -713.834567791
19.0 -729.346189436
20.0 -776.142282225
21.0 -805.836969059
22.0 -857.637527048
25.0 -885.181149471
26.0 -902.843835527
29.0 -913.518396923
30.0 -920.364404152
32.0 -953.181987913
33.0 -954.393046896
34.0 -973.871820167
36.0 -978.44382272
37.0 -1025.31084784
38.0 -1034.45725202
39.0 -1057.8049027
42.0 -1121.99418541
48.0 -1147.02795472
49.0 -1182.01883975
50.0 -1202.39368422
52.0 -1210.40153732
57.0 -1262.20118459
58.0 -1270.70951044
60.0 -1275.28151299
61.0 -1278.36568637
63.0 -1282.93768892
64.0 -1326.16721128
65.0 -1347.41037292
66.0 -1353.98032984
67.0 -1374.67310684
69.0 -1418.16961254
71.0 -1418.24650943
74.0 -1445.12759027
75.0 -1491.6710865
78.0 -1497.26916713
82.0 -1575.78975464
84.0 -1580.36175719
89.0 -1643.38366262
102.0 -1652.21061556
104.0 -1656.78261811
109.0 -1689.73526958
111.0 -1693.41120093
112.0 -1701.23024363
114.0 -1702.80434653
116.0 -1749.90925473
119.0 -1762.62309835
120.0 -1779.54395316
125.0 -1786.34813705
128.0 -1827.91998892

0.0 -0.0
1.0 -98.7610550736
2.0 -173.434814033
3.0 -241.381291947
4.0 -271.778868245
5.0 -333.303565814
6.0 -363.701142112
7.0 -425.85848754
8.0 -461.342306859
9.0 -517.780761407
10.0 -531.329528316
11.0 -599.27600623
12.0 -605.262751161
13.0 -614.011140375
14.0 -691.395892542
16.0 -706.131026688
17.0 -774.077504601
18.0 -820.621000823
20.0 -848.31673784
21.0 -894.860234062
22.0 -911.78108887
23.0 -915.594495101
24.0 -921.977331633
25.0 -968.520827855
26.0 -979.783777809
27.0 -986.166614341
28.0 -1032.71011056
30.0 -1042.03089977
31.0 -1051.91263773
32.0 -1088.88600876
33.0 -1124.71251183
37.0 -1167.45146777
41.0 -1177.15565807
44.0 -1182.75373871
47.0 -1213.03766578
49.0 -1254.79877577
50.0 -1258.41378473
52.0 -1276.05957121
53.0 -1322.60306743
57.0 -1324.87805257
59.0 -1357.69563633
62.0 -1387.899958
64.0 -1420.71754176
69.0 -1449.29281273
72.0 -1453.50994079
81.0 -1483.8151892
83.0 -1488.38719175
90.0 -1501.90366543
91.0 -1509.49460363
95.0 -1545.91472966
100.0 -1574.7914942
103.0 -1666.91138051

0.0 -0.0
1.0 -98.7610550736
2.0 -173.434814033
3.0 -241.381291947
4.0 -287.924788169
5.0 -339.725346159
6.0 -386.268842381
7.0 -431.647620025
8.0 -472.401983762
9.0 -517.780761407
10.0 -564.324257629
11.0 -577.873024538
12.0 -609.900647719
13.0 -656.444143941
15.0 -728.501114511
16.0 -739.125756
18.0 -792.690397219
19.0 -815.838614586
20.0 -862.382110808
21.0 -884.810283531
22.0 -890.077847824
23.0 -926.571393516
25.0 -959.388977276
26.0 -1000.81062675
28.0 -1033.62821051
30.0 -1039.512773
31.0 -1072.93948668
34.0 -1075.72753894
35.0 -1091.68050066
36.0 -1106.71745542
37.0 -1140.14416911
41.0 -1158.88518309
42.0 -1175.8060379
45.0 -1215.06108129
46.0 -1230.50304675
49.0 -1243.21689037
50.0 -1247.57585379
52.0 -1262.20415025
53.0 -1295.46058011
54.0 -1299.08138345
55.0 -1300.03258266
56.0 -1306.69194578
57.0 -1324.05281799
58.0 -1327.9753526
59.0 -1355.18439747
61.0 -1359.75640003
62.0 -1387.11197759
64.0 -1420.18033532
68.0 -1453.63042011
70.0 -1487.38501775
73.0 -1504.68073052
74.0 -1520.83510253
77.0 -1542.3210908
79.0 -1592.96396246
82.0 -1614.44995073
85.0 -1642.34335699
87.0 -1645.94589926
88.0 -1681.65463316
94.0 -1717.53664087
101.0 -1730.34801767
104.0 -1790.42446964
106.0 -1797.70267181

0.0 -0.0
1.0 -98.7610550736
2.0 -173.434814033
3.0 -241.381291947
4.0 -271.778868245
5.0 -318.322364467
6.0 -353.274113068
7.0 -375.160524533
8.0 -421.704020755
9.0 -445.393999381
10.0 -484.483871572
11.0 -513.823907068
12.0 -581.770384982
13.0 -595.319151891
15.0 -662.736899266
16.0 -669.558385129
17.0 -744.232144089
20.0 -756.945987713
21.0 -761.560786397
22.0 -836.234545357
23.0 -837.420912593
25.0 -848.94838898
26.0 -890.04043259
27.0 -906.961287398
28.0 -920.510054308
29.0 -972.722044649
30.0 -989.642899457
33.0 -1009.14217068
37.0 -1053.12154346
38.0 -1070.04239827
39.0 -1086.72677036
42.0 -1106.22604158
43.0 -1138.23230003
46.0 -1150.20541437
47.0 -1167.12626918
48.0 -1173.50910571
50.0 -1186.6255404
51.0 -1250.30075539
53.0 -1254.87275795
58.0 -1287.87697912
59.0 -1294.25981565
61.0 -1330.11055079
63.0 -1334.68255334
64.0 -1353.80727145
65.0 -1381.61608045
69.0 -1405.23282306
71.0 -1407.47172725
72.0 -1410.8309037
73.0 -1450.89114236
74.0 -1459.41879695
77.0 -1465.01687759
78.0 -1470.30078814
79.0 -1478.12065183
81.0 -1519.67534744
82.0 -1536.59620225
85.0 -1543.8883071
86.0 -1598.06738297
89.0 -1601.9831816
90.0 -1608.36601814
96.0 -1675.57070056

0.0 -0.0
1.0 -98.7610550736
2.0 -173.434814033
3.0 -197.105109285
4.0 -271.778868245
5.0 -339.725346159
6.0 -357.912009626
7.0 -431.647620025
8.0 -439.407254449
9.0 -507.353732363
10.0 -531.329528316
11.0 -599.27600623
12.0 -609.900647719
13.0 -623.449414629
14.0 -691.395892542
15.0 -692.582259778
16.0 -706.131026688
17.0 -774.077504601
19.0 -783.39829381
20.0 -848.31673784
21.0 -854.699574371
22.0 -890.077847824
23.0 -915.594495101
25.0 -957.355605085
27.0 -962.20670775
28.0 -987.723355027
29.0 -1013.53150329
30.0 -1029.48446501
33.0 -1065.03703295
36.0 -1095.40478289
38.0 -1137.16589288
42.0 -1190.75761863
45.0 -1198.16082656
46.0 -1207.3194294
47.0 -1225.85656357
51.0 -1279.44828932
54.0 -1292.55414396
56.0 -1322.94043448
57.0 -1359.83190122
60.0 -1361.74878831
61.0 -1376.39371199
62.0 -1389.56190687
65.0 -1395.19098294
66.0 -1448.52257191
67.0 -1465.44342672
70.0 -1480.4366254
71.0 -1497.75540126
72.0 -1513.25420916
75.0 -1539.45275383
76.0 -1547.74392571
77.0 -1554.12676224
80.0 -1586.44607196
83.0 -1621.33144467
84.0 -1623.71119104
86.0 -1628.28319359
89.0 -1640.99703722
102.0 -1701.46322841
109.0 -1709.1667532
111.0 -1790.15389911
115.0 -1826.57402514
122.0 -1887.96687986

0.0 -0.0
1.0 -98.7610550736
2.0 -173.434814033
3.0 -241.381291947
4.0 -271.778868245
5.0 -339.725346159
6.0 -363.701142112
7.0 -431.647620025
8.0 -449.834283493
9.0 -455.821028424
10.0 -523.767506338
11.0 -540.688361146
12.0 -605.262751161
13.0 -623.449414629
15.0 -687.94436322
16.0 -706.131026688
17.0 -774.077504601
19.0 -806.895088362
20.0 -848.31673784
22.0 -881.1343216
23.0 -915.594495101
24.0 -922.895431584
25.0 -957.355605085
26.0 -979.783777809
27.0 -990.173188846
28.0 -1021.54488779
29.0 -1027.92772432
30.0 -1054.36247155
31.0 -1071.28332636
34.0 -1096.59037833
36.0 -1107.61916255
37.0 -1110.23555849
38.0 -1133.85549741
39.0 -1159.61228376
40.0 -1163.79506076
41.0 -1170.64106799
43.0 -1212.40217797
44.0 -1221.63209953
45.0 -1226.81696619
46.0 -1254.44968329
47.0 -1268.57807617
48.0 -1269.00626277
50.0 -1310.62558149
52.0 -1340.7069361
53.0 -1374.8148642
58.0 -1446.94372413
65.0 -1508.33657885
67.0 -1535.63439482
72.0 -1547.08431517
78.0 -1570.80935387
79.0 -1609.41517895
84.0 -1625.81298658
85.0 -1659.23970026
88.0 -1671.95354388
90.0 -1677.13604928
92.0 -1681.70805183
101.0 -1701.84476336

0.0 -0.0
1.0 -98.7610550736
2.0 -173.434814033
3.0 -241.381291947
4.0 -271.778868245
5.0 -339.725346159
6.0 -386.268842381
7.0 -421.220590982
8.0 -449.834283493
9.0 -507.353732363
10.0 -531.329528316
11.0 -531.527140762
12.0 -605.262751161
13.0 -616.722133583
14.0 -691.395892542
17.0 -765.635125781
18.0 -782.555980589
19.0 -798.452709541
20.0 -848.31673784
21.0 -865.237592648
24.0 -881.32993815
26.0 -927.566218957
31.0 -994.9208731
33.0 -1027.73845686
36.0 -1057.94277853
38.0 -1090.76036229
40.0 -1114.11867673
42.0 -1146.93626049
45.0 -1152.15321702
46.0 -1159.97225972
47.0 -1187.8442332
50.0 -1210.6223613
51.0 -1244.0201314
53.0 -1260.86365258
54.0 -1280.82448042
56.0 -1336.02253267
58.0 -1377.78364265
63.0 -1411.69027263
65.0 -1444.50785639
82.0 -1505.83971419
83.0 -1555.8256204
87.0 -1568.86161963
91.0 -1625.03751783
101.0 -1697.9253466
105.0 -1735.19046568
110.0 -1780.22584559

0.0 -0.0
1.0 -98.7610550736
2.0 -173.434814033
3.0 -213.251029209
4.0 -265.051587199
5.0 -289.027383152
6.0 -356.973861066
7.0 -375.160524533
8.0 -445.196386935
9.0 -456.655769356
10.0 -462.642514288
11.0 -521.150717948
12.0 -539.337381415
13.0 -545.324126347
14.0 -617.908500819
15.0 -631.457267728
16.0 -699.403745642
17.0 -745.947241864
19.0 -773.64297888
20.0 -792.021676566
22.0 -816.746320573
25.0 -884.024077834
28.0 -896.737921457
29.0 -903.252386419
31.0 -918.453646159
32.0 -952.91381966
33.0 -964.0925756
34.0 -985.73140342
35.0 -1045.03370597
36.0 -1056.21246191
38.0 -1089.03004567
39.0 -1095.4128822
40.0 -1121.03253548
42.0 -1145.20594388
44.0 -1148.80848614
47.0 -1173.78121484
49.0 -1206.5987986
52.0 -1236.80312027
54.0 -1272.48751294
56.0 -1272.56440982
59.0 -1339.84216708
65.0 -1364.87593639
67.0 -1409.05406451
68.0 -1439.11516963
69.0 -1507.06164754
76.0 -1519.87302435
77.0 -1527.80584033
86.0 -1547.94255185
95.0 -1566.32099216
96.0 -1587.47318985
98.0 -1685.81724406
108.0 -1700.66998215
114.0 -1710.21480457
120.0 -1777.419487

0.0 -0.0
1.0 -98.7610550736
2.0 -173.434814033
3.0 -241.381291947
4.0 -271.778868245
5.0 -339.725346159
6.0 -363.701142112
7.0 -431.647620025
8.0 -449.834283493
9.0 -517.780761407
10.0 -531.329528316
11.0 -599.27600623
13.0 -641.037116214
15.0 -650.781535891
16.0 -686.311345783
18.0 -724.84573152
20.0 -742.783937159
22.0 -750.431095223
23.0 -779.174466748
24.0 -780.049056243
25.0 -805.805842591
27.0 -817.161596722
28.0 -822.788012182
29.0 -843.070961674
30.0 -884.439353983
32.0 -917.256937743
33.0 -941.095972849
35.0 -971.149104632
38.0 -1035.33838734
41.0 -1038.35378706
42.0 -1060.78195978
44.0 -1102.54306977
48.0 -1170.23762375
52.0 -1182.94256858
53.0 -1237.59227789
59.0 -1304.79696032
72.0 -1365.72546476
76.0 -1421.90136296
79.0 -1482.02208862
85.0 -1514.91667681
87.0 -1562.18510471
88.0 -1579.10595952
95.0 -1592.13111898
96.0 -1592.49035312
97.0 -1609.41120793
102.0 -1628.37236083
108.0 -1635.47236661
112.0 -1716.06349097
122.0 -1781.67347376
125.0 -1787.27155439
128.0 -1805.39851246
129.0 -1843.06632849
131.0 -1863.97397275

0.0 -0.0
1.0 -98.7610550736
2.0 -173.434814033
3.0 -241.381291947
4.0 -259.567955414
5.0 -322.87653677
6.0 -351.18472858
7.0 -387.606696459
8.0 -455.553174373
9.0 -479.528970326
10.0 -564.324257629
11.0 -599.27600623
12.0 -645.819502452
14.0 -673.515239468
15.0 -720.05873569
18.0 -787.336492951
20.0 -792.187595616
21.0 -851.525775659
25.0 -926.600904327
27.0 -968.362014311
29.0 -973.213116976
30.0 -998.729764253
31.0 -1005.62713339
32.0 -1040.49087424
33.0 -1062.91904696
35.0 -1104.68015694
39.0 -1129.63516793
40.0 -1167.70206238
42.0 -1172.27406493
43.0 -1185.07965576
44.0 -1201.76402785
50.0 -1240.58989115
51.0 -1247.49549686
55.0 -1271.86574661
57.0 -1294.78887473
59.0 -1323.37127627
61.0 -1346.29440439
62.0 -1352.67724092
67.0 -1416.76428704
70.0 -1429.47813066
84.0 -1430.50026969
86.0 -1463.31785345
88.0 -1482.00579935
89.0 -1493.52217512
96.0 -1521.70709119

0.0 -0.0
1.0 -98.7610550736
2.0 -173.434814033
3.0 -197.105109285
4.0 -271.778868245
5.0 -283.238250666
6.0 -363.701142112
7.0 -414.798810637
8.0 -445.196386935
9.0 -513.142864849
10.0 -531.329528316
11.0 -537.712364847
12.0 -599.473618675
13.0 -623.449414629
14.0 -673.515239468
15.0 -673.712851914
16.0 -715.276349452
18.0 -739.449757851
19.0 -764.966405128
20.0 -811.50990135
21.0 -822.131369911
22.0 -829.155687836
23.0 -875.699184058
24.0 -892.620038866
26.0 -894.260229836
27.0 -931.875082261
28.0 -948.795937069
29.0 -1017.06276091
32.0 -1020.95306402
33.0 -1067.49656024
34.0 -1084.41741505
38.0 -1140.59331325
42.0 -1149.79705924
45.0 -1164.37446827
47.0 -1229.28398395
53.0 -1239.51872791
55.0 -1272.33631167
57.0 -1315.56816746
61.0 -1329.607825
62.0 -1346.5286798
68.0 -1362.0871318
69.0 -1416.89397873
79.0 -1489.7818075
80.0 -1557.72828542
84.0 -1561.91066743
88.0 -1562.88616164
89.0 -1579.80701645
95.0 -1603.53205515
97.0 -1619.50830829
98.0 -1662.10751544
99.0 -1667.93620512
103.0 -1668.91169933
104.0 -1708.0182326
113.0 -1774.52322484
114.0 -1780.90606137
119.0 -1843.9279668

0.0 -0.0
1.0 -98.7610550736
2.0 -173.434814033
3.0 -219.978310255
4.0 -265.3570879
5.0 -333.303565814
6.0 -357.912009626
7.0 -409.009678151
8.0 -465.980203417
9.0 -479.528970326
10.0 -547.47544824
11.0 -558.10008973
12.0 -593.051838331
13.0 -639.595334553
14.0 -673.515239468
15.0 -675.73345039
16.0 -722.276946612
17.0 -765.635125781
19.0 -789.554703873
20.0 -832.912883042
22.0 -896.377234072
23.0 -915.594495101
25.0 -979.058846131
26.0 -979.783777809
28.0 -1043.24812884
30.0 -1085.00923882
37.0 -1105.39171831
40.0 -1142.19606733
43.0 -1147.15810077
44.0 -1198.37196553
47.0 -1203.97004617
48.0 -1249.8774952
49.0 -1265.83045692
50.0 -1282.75131173
53.0 -1303.095576
56.0 -1306.2860092
57.0 -1323.90673392
59.0 -1349.63533164
61.0 -1387.94604491
62.0 -1400.17944691
63.0 -1401.1408613
65.0 -1431.08042464
69.0 -1468.34554373
74.0 -1505.53068476
77.0 -1534.62424717
78.0 -1557.03621442
80.0 -1601.90200443
88.0 -1671.11390186
95.0 -1687.30661152
102.0 -1734.23617223
104.0 -1767.05375599
111.0 -1816.53667122

0.0 -0.0
1.0 -98.7610550736
2.0 -173.434814033
3.0 -197.105109285
4.0 -258.629806854
5.0 -289.027383152
6.0 -340.125051677
7.0 -370.522627975
8.0 -371.708995211
9.0 -449.093747379
10.0 -524.60224727
11.0 -535.22688876
12.0 -548.775655669
13.0 -616.722133583
16.0 -699.403745642
18.0 -762.183596459
19.0 -773.64297888
20.0 -848.31673784
23.0 -912.506020548
28.0 -946.934492544
29.0 -982.760995609
31.0 -986.010561058
32.0 -992.39339759
33.0 -1038.93689381
35.0 -1049.96567803
37.0 -1090.44242347
39.0 -1117.11812982
40.0 -1131.91714103
42.0 -1136.48914359
43.0 -1157.6471059
45.0 -1190.46468966
47.0 -1196.34925214
48.0 -1209.0080344
50.0 -1224.70718716
51.0 -1235.8859431
54.0 -1276.21271683
56.0 -1309.03030059
59.0 -1313.39785786
60.0 -1359.94135408
63.0 -1364.90338752
65.0 -1397.72097128
69.0 -1400.78539523
70.0 -1447.32889145
72.0 -1455.10434776
74.0 -1455.26034884
76.0 -1493.80649401
79.0 -1559.13383817
81.0 -1563.70584072
90.0 -1567.69346837
93.0 -1582.28283922
94.0 -1598.17956817
95.0 -1615.10042298
101.0 -1682.30510541

0.0 -0.0
1.0 -98.7610550736
2.0 -166.707532987
3.0 -241.381291947
4.0 -265.051587199
5.0 -289.027383152
6.0 -356.973861066
7.0 -375.160524533
8.0 -443.107002447
9.0 -496.377779715
10.0 -524.60224727
11.0 -571.145743492
12.0 -605.262751161
14.0 -669.992910851
15.0 -720.05873569
17.0 -744.232144089
18.0 -812.178622003
22.0 -836.234545357
23.0 -879.533276146
26.0 -892.578120818
27.0 -916.798395229
30.0 -940.926130872
31.0 -959.93277496
34.0 -977.346256899
35.0 -981.101114255
36.0 -987.947121485
37.0 -1004.86797629
39.0 -1023.22662986
42.0 -1023.82912919
43.0 -1040.749984
47.0 -1075.43491887
49.0 -1108.25250263
51.0 -1117.80861563
52.0 -1164.35211185
57.0 -1165.48550662
58.0 -1222.54667121
63.0 -1252.70487874
65.0 -1276.34439062
66.0 -1283.19039785
67.0 -1289.12500477
68.0 -1295.43449998
70.0 -1339.36629605
75.0 -1369.14991772
76.0 -1406.63795013
80.0 -1412.25412482
81.0 -1429.17497963
83.0 -1499.61819735
87.0 -1556.25726625
88.0 -1562.64010278
90.0 -1566.74372647
94.0 -1629.84478521
96.0 -1633.94840889
97.0 -1659.72397369
103.0 -1726.92865611

0.0 -0.0
1.0 -98.7610550736
2.0 -173.434814033
3.0 -241.381291947
4.0 -287.924788169
5.0 -339.725346159
6.0 -386.268842381
7.0 -431.647620025
8.0 -478.191116247
9.0 -517.780761407
10.0 -564.324257629
11.0 -581.245112437
12.0 -606.085367613
13.0 -656.444143941
15.0 -692.582259778
16.0 -739.125756
17.0 -745.508592532
18.0 -766.821493017
19.0 -813.364989239
22.0 -880.6427465
24.0 -885.214749053
26.0 -917.907865584
27.0 -947.997400643
29.0 -952.569403195
31.0 -972.181283343
32.0 -1004.02332713
33.0 -1015.20208307
34.0 -1044.57180446
37.0 -1096.0257284
40.0 -1101.62380903
41.0 -1122.88351093
42.0 -1163.38038254
46.0 -1199.80050857
48.0 -1215.69730845
50.0 -1248.51489221
53.0 -1261.55973688
54.0 -1285.10205041
55.0 -1303.32084687
58.0 -1328.91439103
59.0 -1335.29722756
61.0 -1359.1187127
62.0 -1365.50154923
64.0 -1398.31913299
65.0 -1421.89463825
67.0 -1427.77920073
69.0 -1460.59678449
70.0 -1494.02349817
71.0 -1510.94435298
79.0 -1541.72476393
81.0 -1560.41270984
83.0 -1593.2302936
84.0 -1605.81568065
88.0 -1661.99157886
95.0 -1663.41227894
102.0 -1724.80513367

0.0 -0.0
1.0 -98.7610550736
2.0 -173.434814033
3.0 -219.978310255
4.0 -271.778868245
5.0 -327.514433328
6.0 -357.912009626
7.0 -399.81760929
8.0 -445.196386935
9.0 -450.031895939
10.0 -491.937495603
11.0 -509.18601051
12.0 -578.070636984
14.0 -634.123206755
15.0 -652.309870222
16.0 -661.515962828
19.0 -689.574989306
20.0 -717.69186103
21.0 -764.944609641
23.0 -806.705719625
25.0 -821.120507843
26.0 -827.966515073
27.0 -862.881617827
28.0 -869.727625057
30.0 -893.249367769
31.0 -920.747061004
32.0 -935.010477753
33.0 -981.641981734
34.0 -988.024818266
35.0 -1004.57934245
38.0 -1044.66388717
39.0 -1046.51483008
40.0 -1067.60124788
42.0 -1070.33265243
43.0 -1077.17865966
44.0 -1123.77714609
47.0 -1142.46151236
48.0 -1150.27541267
49.0 -1156.29191858
51.0 -1184.86008752
52.0 -1186.71103043
53.0 -1212.46781678
55.0 -1222.4351199
56.0 -1252.52465495
60.0 -1289.78977404
64.0 -1321.65959256
65.0 -1341.21532565
66.0 -1358.13618046
69.0 -1386.87364495
70.0 -1403.79449975
71.0 -1408.42000808
72.0 -1425.34086288
78.0 -1441.5721644
79.0 -1444.09042753
80.0 -1459.21795089
81.0 -1474.02999087
82.0 -1487.03106944
84.0 -1495.63807691
90.0 -1532.10577966
95.0 -1535.57333172
97.0 -1568.39091548
100.0 -1573.98899611
101.0 -1590.90985092
103.0 -1604.27292319
113.0 -1669.88290598
122.0 -1678.35378576
131.0 -1775.43765667

0.0 -0.0
1.0 -98.7610550736
2.0 -173.434814033
3.0 -241.381291947
4.0 -271.778868245
5.0 -339.725346159
6.0 -363.701142112
7.0 -431.647620025
8.0 -478.191116247
9.0 -517.780761407
10.0 -523.767506338
11.0 -541.954169806
12.0 -609.900647719
13.0 -656.444143941
14.0 -691.395892542
15.0 -692.582259778
16.0 -739.125756
18.0 -771.943339761
19.0 -813.364989239
22.0 -848.049012076
23.0 -887.975654966
25.0 -920.793238726
26.0 -937.714093535
27.0 -948.144353098
28.0 -988.070995988
29.0 -996.898911042
30.0 -1012.79563999
31.0 -1029.7164948
33.0 -1034.28849735
34.0 -1034.67852824
35.0 -1084.92449992
36.0 -1101.84535473
37.0 -1105.77588722
38.0 -1122.69674202
43.0 -1194.82560195
46.0 -1203.09624084
50.0 -1256.21845668
56.0 -1278.14344749
60.0 -1338.92090933
62.0 -1343.49291189
63.0 -1349.87574842
67.0 -1380.53411937
71.0 -1419.23626562
74.0 -1483.42554833
84.0 -1483.98400178
85.0 -1501.45902996
86.0 -1541.30238021
87.0 -1563.0206647
91.0 -1594.96744304
92.0 -1621.24514045
94.0 -1626.98669139
95.0 -1634.79048059
96.0 -1651.7113354
100.0 -1683.65811374
101.0 -1690.04095027
104.0 -1720.92323282
105.0 -1727.30606935
108.0 -1740.01991298
111.0 -1782.31608755
113.0 -1786.22012339
114.0 -1786.53321561
117.0 -1794.19052784
124.0 -1801.38595371
126.0 -1882.88119853
135.0 -1948.1780891

0.0 -0.0
1.0 -98.7610550736
2.0 -173.434814033
3.0 -241.381291947
4.0 -287.924788169
5.0 -339.725346159
6.0 -363.701142112
7.0 -431.647620025
8.0 -449.834283493
9.0 -517.780761407
10.0 -564.324257629
11.0 -599.27600623
12.0 -645.819502452
13.0 -656.444143941
14.0 -691.395892542
15.0 -720.05873569
16.0 -739.125756
17.0 -765.635125781
18.0 -812.178622003
19.0 -813.364989239
21.0 -894.860234062
23.0 -904.18102327
24.0 -905.367390506
25.0 -940.319139108
26.0 -986.86263533
30.0 -1003.34104454
31.0 -1049.88454076
34.0 -1114.07382347
36.0 -1146.89140723
38.0 -1170.24972167
39.0 -1176.6325582
42.0 -1207.51484076
46.0 -1246.216987
48.0 -1287.97809698
53.0 -1305.874446
56.0 -1311.51389564
62.0 -1402.95831691
65.0 -1408.59776654
66.0 -1439.37844294
78.0 -1445.0277484
81.0 -1478.37748986
84.0 -1491.09133349
85.0 -1491.95730911
87.0 -1533.71841909
91.0 -1570.98353818
96.0 -1638.32502197
105.0 -1641.27862637
108.0 -1653.99246999
113.0 -1710.4905238

0.0 -0.0
1.0 -98.7610550736
2.0 -173.434814033
3.0 -241.381291947
4.0 -287.924788169
5.0 -339.725346159
6.0 -386.268842381
7.0 -431.647620025
8.0 -478.191116247
9.0 -513.142864849
10.0 -559.686361071
12.0 -595.824476908
13.0 -642.36797313
15.0 -687.94436322
16.0 -706.557255838
18.0 -734.370374397
19.0 -741.062354237
20.0 -776.014102838
21.0 -827.195495618
23.0 -850.37071762
25.0 -874.063128722
26.0 -919.197896886
29.0 -940.153544486
30.0 -966.06552999
31.0 -981.914654471
34.0 -994.959499143
35.0 -1033.42018413
36.0 -1044.9365599
37.0 -1053.89354268
39.0 -1062.31415329
41.0 -1114.33325959
42.0 -1154.8301312
46.0 -1206.33566086
49.0 -1219.04950448
54.0 -1253.1532253
55.0 -1259.53606183
57.0 -1305.26653585
62.0 -1323.16288487
63.0 -1349.07487037
64.0 -1364.92399486
66.0 -1411.24701912
68.0 -1416.42952452
71.0 -1429.14336814
73.0 -1447.22449385
80.0 -1455.48770069
81.0 -1502.03119691

0.0 -0.0
1.0 -98.7610550736
2.0 -173.434814033
3.0 -241.381291947
4.0 -271.778868245
5.0 -339.725346159
6.0 -386.268842381
7.0 -431.647620025
8.0 -467.764087204
9.0 -513.142864849
10.0 -523.767506338
11.0 -599.27600623
12.0 -645.819502452
14.0 -691.395892542
15.0 -720.05873569
17.0 -774.077504601
18.0 -802.128671472
19.0 -808.511508004
20.0 -817.065602158
21.0 -876.367904711
22.0 -882.750741242
23.0 -909.185488471
25.0 -927.873434372
26.0 -968.370305978
28.0 -969.348151933
29.0 -975.730988465
30.0 -990.895339804
31.0 -1052.02976399
33.0 -1061.3505532
35.0 -1082.89774107
37.0 -1083.87558703
38.0 -1090.25842356
41.0 -1120.29571305
42.0 -1158.43442411
44.0 -1191.25200787
50.0 -1217.37958396
56.0 -1253.8472867
59.0 -1259.44536734
60.0 -1266.35683169
61.0 -1345.84968797
64.0 -1364.38829895
68.0 -1383.12931293
69.0 -1464.6437335
70.0 -1481.5645883
79.0 -1537.53156227
80.0 -1554.45241707
86.0 -1578.17745577
88.0 -1623.6643145

0.0 -0.0
1.0 -98.7610550736
2.0 -173.434814033
3.0 -213.251029209
4.0 -265.3570879
5.0 -289.027383152
6.0 -346.546832022
7.0 -386.668547899
8.0 -438.469105889
9.0 -485.012602111
10.0 -523.767506338
11.0 -530.588992202
12.0 -605.262751161
14.0 -647.023861146
15.0 -687.94436322
17.0 -729.705473205
19.0 -766.681502903
20.0 -841.355261863
23.0 -868.133989151
25.0 -904.377167295
26.0 -908.818861808
27.0 -934.335509085
29.0 -976.096619069
32.0 -1006.46436901
34.0 -1048.22547899
37.0 -1060.93932262
39.0 -1111.24738443
42.0 -1123.96122805
43.0 -1146.27894475
46.0 -1152.00686352
47.0 -1168.92771832
48.0 -1209.30085018
52.0 -1260.80637984
56.0 -1315.37129317
59.0 -1317.31171782
61.0 -1359.0728278
63.0 -1373.48761602
66.0 -1404.60425519
68.0 -1416.0853712
69.0 -1434.07102988
70.0 -1441.37332679
73.0 -1490.24692809
77.0 -1513.1692421
79.0 -1524.09623883
82.0 -1569.85704703
83.0 -1575.60176849
84.0 -1599.35629851
92.0 -1679.75579732
100.0 -1719.45708916

0.0 -0.0
1.0 -98.7610550736
2.0 -173.434814033
3.0 -197.105109285
4.0 -271.778868245
5.0 -283.238250666
6.0 -357.912009626
7.0 -404.455505848
8.0 -449.834283493
9.0 -517.780761407
10.0 -564.324257629
11.0 -599.27600623
12.0 -645.819502452
14.0 -691.395892542
15.0 -728.501114511
17.0 -774.077504601
18.0 -820.621000823
20.0 -853.438584584
21.0 -894.860234062
23.0 -920.716341845
24.0 -922.895431584
25.0 -924.318884112
26.0 -933.430185468
27.0 -957.136467872
28.0 -1012.71874311
29.0 -1014.89783285
31.0 -1030.61744388
32.0 -1033.29938633
34.0 -1075.06049631
35.0 -1105.69899033
36.0 -1107.87808007
37.0 -1110.27099289
38.0 -1118.41283396
39.0 -1175.15583734
42.0 -1187.86968096
45.0 -1204.96195098
46.0 -1251.5054472
48.0 -1256.07744976
49.0 -1262.46028629
50.0 -1272.31660512
53.0 -1318.63618449
56.0 -1339.52128755
59.0 -1345.11936819
60.0 -1378.22343379
63.0 -1396.62489785
65.0 -1440.03104966
71.0 -1507.23573209

0.0 -0.0
1.0 -98.7610550736
2.0 -173.434814033
3.0 -241.381291947
4.0 -271.778868245
5.0 -339.725346159
6.0 -363.701142112
7.0 -431.647620025
8.0 -445.196386935
9.0 -456.655769356
10.0 -531.329528316
11.0 -537.316273248
12.0 -548.775655669
13.0 -623.449414629
14.0 -629.83225116
15.0 -656.266998389
16.0 -706.131026688
17.0 -712.513863219
19.0 -730.209096044
21.0 -763.026679804
22.0 -779.868517362
23.0 -836.546158129
25.0 -878.307268113
26.0 -885.285643792
27.0 -902.2064986
29.0 -981.495056244
32.0 -994.208899868
34.0 -1035.97000985
36.0 -1049.41690499
37.0 -1061.89455506
40.0 -1074.60839868
41.0 -1075.79476592
42.0 -1082.61625178
43.0 -1157.29001074
44.0 -1180.99629315
47.0 -1193.71013677
52.0 -1265.83899669
55.0 -1300.42367155
56.0 -1317.34452636
61.0 -1380.36643179
65.0 -1382.64141692
78.0 -1457.33102005
82.0 -1493.75114608
85.0 -1511.8742198
90.0 -1518.03448538
92.0 -1575.35286381
93.0 -1592.27371862
99.0 -1614.19870943
101.0 -1618.77071199
102.0 -1657.57060919
105.0 -1719.0728648
115.0 -1791.96069357

0.0 -0.0
1.0 -98.7610550736
2.0 -173.434814033
3.0 -241.381291947
4.0 -271.778868245
5.0 -339.725346159
6.0 -374.05792955
7.0 -431.647620025
8.0 -472.401983762
9.0 -517.780761407
10.0 -564.324257629
11.0 -599.27600623
12.0 -645.819502452
13.0 -656.444143941
14.0 -681.957618289
16.0 -739.125756
17.0 -756.196851527
20.0 -776.515342313
21.0 -806.46056264
22.0 -818.276452297
23.0 -864.393423668
25.0 -912.388535503
26.0 -938.632656906
27.0 -954.149645487
29.0 -968.564433705
30.0 -979.743189645
31.0 -1010.32554369
32.0 -1012.56077341
33.0 -1013.49091512
34.0 -1035.91908785
35.0 -1042.30192438
36.0 -1077.68019783
38.0 -1085.94414487
41.0 -1095.57654685
42.0 -1142.12004307
44.0 -1146.69204563
46.0 -1167.70540678
47.0 -1184.62626159
49.0 -1196.34146355
52.0 -1211.43728012
54.0 -1211.514177
55.0 -1217.03536075
56.0 -1242.05402782
58.0 -1278.64196254
60.0 -1320.40307253
63.0 -1345.99661668
64.0 -1352.37945322
69.0 -1381.87862439
70.0 -1407.38947141
76.0 -1437.75171133
78.0 -1470.56929509
81.0 -1562.6891814
85.0 -1563.54954231
89.0 -1602.39047324

0.0 -0.0
1.0 -98.7610550736
2.0 -173.434814033
3.0 -241.381291947
4.0 -271.778868245
5.0 -339.725346159
6.0 -363.701142112
7.0 -431.647620025
8.0 -445.196386935
9.0 -468.95045444
10.0 -523.767506338
11.0 -564.521870074
12.0 -599.473618675
13.0 -646.017114897
14.0 -647.203482133
15.0 -682.155230734
16.0 -728.698726956
17.0 -745.619581765
18.0 -746.344513442
19.0 -802.937960195
21.0 -820.701128224
23.0 -848.396865241
24.0 -894.940361463
25.0 -918.916157416
26.0 -976.812684799
31.0 -1052.02976399
33.0 -1069.79293202
35.0 -1097.48866904
36.0 -1144.03216526
40.0 -1182.7343115
41.0 -1211.3868194
42.0 -1217.76965593
44.0 -1278.66457666
50.0 -1300.0774901
54.0 -1336.49761613
57.0 -1342.09569676
58.0 -1392.67351433
78.0 -1395.75387087
79.0 -1395.82016454
81.0 -1445.21356365
83.0 -1445.36179104
84.0 -1467.94902446
87.0 -1480.90899323
88.0 -1492.10023581
90.0 -1543.17566031
91.0 -1560.09651512
95.0 -1566.26967764
96.0 -1577.99286414
98.0 -1610.8104479
104.0 -1633.88907219
105.0 -1667.31578588
106.0 -1680.31489865
109.0 -1683.87759665
111.0 -1743.33680408
116.0 -1748.53801095
120.0 -1783.97259761
122.0 -1789.08473513
123.0 -1795.46757166
130.0 -1856.86042638
133.0 -1861.07755445

0.0 -0.0
1.0 -98.7610550736
2.0 -173.434814033
3.0 -241.381291947
4.0 -271.778868245
5.0 -339.725346159
6.0 -363.701142112
7.0 -431.647620025
8.0 -445.196386935
9.0 -513.142864849
10.0 -514.329232085
11.0 -554.903974833
12.0 -595.824476908
14.0 -637.585586892
15.0 -663.102234169
17.0 -704.863344153
18.0 -711.246180685
19.0 -729.58798816
20.0 -779.946764488
22.0 -821.707874472
25.0 -888.985631734
28.0 -915.538101569
29.0 -926.250750817
30.0 -956.340285876
32.0 -989.157869636
34.0 -999.816637902
37.0 -1049.3205331
40.0 -1069.60400125
41.0 -1086.49598408
44.0 -1092.09406472
47.0 -1092.50504272
48.0 -1109.30529308
50.0 -1175.18665478
52.0 -1252.32555673
55.0 -1331.29821135
61.0 -1349.40942764
68.0 -1410.80228236
74.0 -1454.07100323
78.0 -1476.41226516
79.0 -1521.42565737
86.0 -1527.09045015
87.0 -1540.17905172
89.0 -1587.03564016
95.0 -1609.39094915
98.0 -1614.98902978
99.0 -1617.14546264
100.0 -1652.00920348
105.0 -1670.39047287
108.0 -1675.9885535
117.0 -1696.12526503
121.0 -1752.30116323

0.0 -0.0
1.0 -98.7610550736
2.0 -173.434814033
3.0 -241.381291947
4.0 -287.924788169
5.0 -339.725346159
6.0 -386.268842381
7.0 -431.647620025
8.0 -478.191116247
10.0 -505.886853264
11.0 -524.073516731
12.0 -592.019994645
13.0 -598.006739577
15.0 -627.017241098
17.0 -655.041900077
18.0 -701.256474336
19.0 -733.237129927
20.0 -782.751719159
22.0 -807.476363166
24.0 -822.211497311
25.0 -885.181149471
26.0 -891.674975235
27.0 -931.054625986
28.0 -957.435732486
29.0 -974.356587294
30.0 -996.784760018
31.0 -1021.62501519
32.0 -1038.54587
35.0 -1050.41597971
36.0 -1064.24835996
37.0 -1121.10175897
39.0 -1131.52611722
41.0 -1136.37721989
43.0 -1187.70201543
44.0 -1203.65497715
46.0 -1295.57725102
52.0 -1362.78193344
66.0 -1368.66314948
67.0 -1415.82384109
73.0 -1418.14606471
74.0 -1430.69388013
75.0 -1485.03573852
78.0 -1505.27257387
80.0 -1508.87511614
81.0 -1523.67412735
83.0 -1577.63176275
87.0 -1601.85536336
91.0 -1658.03126156
97.0 -1667.46534615
98.0 -1757.39622251
106.0 -1826.60811994
112.0 -1848.53311076

0.0 -0.0
1.0 -98.7610550736
2.0 -173.434814033
3.0 -197.105109285
4.0 -243.648605507
5.0 -289.027383152
6.0 -363.701142112
7.0 -431.647620025
8.0 -449.834283493
9.0 -517.780761407
10.0 -531.329528316
11.0 -599.27600623
12.0 -645.819502452
13.0 -647.005869688
14.0 -681.957618289
15.0 -737.939388764
16.0 -739.125756
17.0 -774.077504601
18.0 -820.621000823
20.0 -848.31673784
21.0 -887.898758085
25.0 -926.600904327
29.0 -957.11065551
31.0 -990.775521204
32.0 -1025.72726981
33.0 -1072.27076603
39.0 -1077.23475062
40.0 -1087.85939211
41.0 -1122.81114071
42.0 -1169.35463693
43.0 -1186.27549174
46.0 -1191.87357238
48.0 -1193.07967563
49.0 -1222.15749945
55.0 -1245.88253815
57.0 -1291.36939688
62.0 -1316.85569763
66.0 -1362.16250997
76.0 -1372.94838828
78.0 -1389.58476962
79.0 -1440.22614554
85.0 -1497.09965265
93.0 -1500.4337496
94.0 -1506.96561677
97.0 -1556.6096478
99.0 -1569.9875222
102.0 -1574.50599682

0.0 -0.0
1.0 -98.7610550736
2.0 -173.434814033
3.0 -197.105109285
4.0 -271.778868245
5.0 -289.027383152
6.0 -363.701142112
7.0 -404.455505848
8.0 -449.834283493
10.0 -531.329528316
11.0 -532.515895552
12.0 -579.059391774
13.0 -614.011140375
14.0 -635.111961545
15.0 -674.701606704
16.0 -721.245102926
17.0 -734.793869835
19.0 -785.434385634
21.0 -812.696268586
22.0 -844.676924177
23.0 -851.059760709
25.0 -918.916157416
27.0 -939.650418455
28.0 -986.193914677
31.0 -995.826316657
32.0 -1042.36981288
34.0 -1075.18739664
36.0 -1079.63493196
37.0 -1083.27778558
40.0 -1095.99162921
41.0 -1139.45368379
42.0 -1150.63243973
45.0 -1190.95921345
46.0 -1211.58254371
49.0 -1238.81676754
50.0 -1263.08807337
53.0 -1300.86031548
57.0 -1324.4809281
64.0 -1329.60094533
65.0 -1361.02150874
72.0 -1372.10091113
76.0 -1402.18874144
77.0 -1418.87753434
80.0 -1426.02205612
81.0 -1447.27290322
82.0 -1453.4710606
83.0 -1459.85389713
84.0 -1471.40063887
85.0 -1495.72039806
87.0 -1529.85054175
89.0 -1534.4225443
91.0 -1550.65982002
93.0 -1560.09130956
96.0 -1571.23618456
97.0 -1579.05522726
98.0 -1616.72304329
104.0 -1640.44808199

0.0 -0.0
1.0 -98.7610550736
2.0 -173.434814033
3.0 -197.105109285
4.0 -271.778868245
5.0 -318.322364467
6.0 -363.701142112
7.0 -375.160524533
8.0 -449.834283493
9.0 -456.655769356
10.0 -491.595393477
11.0 -532.515895552
12.0 -538.502640484
13.0 -549.962022905
14.0 -624.635781865
17.0 -688.825064573
18.0 -698.451519665
19.0 -716.513176675
20.0 -779.946764488
24.0 -836.12266269
25.0 -853.043517499
28.0 -914.579175892
30.0 -920.398171641
31.0 -926.781008173
32.0 -970.755074094
33.0 -986.708035818
37.0 -1042.88393402
40.0 -1084.3261796
42.0 -1105.90583945
44.0 -1140.5020778
46.0 -1190.7764354
51.0 -1193.94571827
52.0 -1223.6639702
53.0 -1237.58594871
55.0 -1279.4671061
58.0 -1353.70633934
64.0 -1407.77186423
67.0 -1412.98882075
69.0 -1441.97143177
75.0 -1458.68336234
76.0 -1524.22564544
81.0 -1596.35450537
86.0 -1627.1494747
90.0 -1678.65500436
92.0 -1720.41611434
99.0 -1727.25085569

0.0 -0.0
1.0 -98.7610550736
2.0 -173.434814033
3.0 -241.381291947
4.0 -287.924788169
5.0 -327.514433328
6.0 -363.701142112
7.0 -425.85848754
8.0 -449.834283493
9.0 -517.780761407
10.0 -534.701616215
11.0 -599.27600623
12.0 -609.900647719
13.0 -623.449414629
14.0 -691.395892542
15.0 -708.316747351
17.0 -774.077504601
18.0 -790.99835941
20.0 -848.31673784
22.0 -852.888740392
24.0 -904.492636042
25.0 -910.395647235
26.0 -916.778483767
27.0 -952.156757219
30.0 -977.750301378
31.0 -1008.78088503
35.0 -1064.95678324
37.0 -1065.93462919
38.0 -1101.76113226
41.0 -1143.13801925
42.0 -1157.93703046
46.0 -1195.20214954
48.0 -1227.17474025
50.0 -1233.05930273
53.0 -1255.75001121
55.0 -1281.4469376
58.0 -1355.68617084
62.0 -1366.74968768
64.0 -1399.27193194
65.0 -1430.93897039
68.0 -1436.53705103
69.0 -1452.94999895
71.0 -1475.93936022
76.0 -1485.80528356
77.0 -1492.65129079
80.0 -1559.92904805
86.0 -1574.95178978
95.0 -1577.90539418
101.0 -1601.63043288

